3.64697e-06 0.0
3.64832e-06 0.0
3.64968e-06 2.6599482875149012e-05
3.65103e-06 2.6971071145014637e-05
3.65238e-06 2.7344666714564404e-05
3.65373e-06 2.7394063329476444e-05
3.65508e-06 2.7297044703042056e-05
3.65643e-06 2.7296553637289927e-05
3.65778e-06 2.7328904665261926e-05
3.65913e-06 2.7602973263438627e-05
3.66049e-06 2.809395557598942e-05
3.66184e-06 2.8547520469307792e-05
3.66319e-06 2.90984473245152e-05
3.66454e-06 2.9717577885481055e-05
3.66589e-06 3.0498579050371483e-05
3.66724e-06 3.147153231501239e-05
3.66859e-06 3.235045271496242e-05
3.66994e-06 3.296738984752055e-05
3.6713e-06 3.359254990511441e-05
3.67265e-06 3.4459651092180025e-05
3.674e-06 3.553412318971168e-05
3.67535e-06 3.6665059093119675e-05
3.6767e-06 3.784661253501123e-05
3.67805e-06 3.911283085757953e-05
3.6794e-06 4.042212360615965e-05
3.68075e-06 4.1930972220977864e-05
3.68211e-06 4.332061554224998e-05
3.68346e-06 4.418537226342818e-05
3.68481e-06 4.498587967249013e-05
3.68616e-06 4.600984047508847e-05
3.68751e-06 4.70685481194467e-05
3.68886e-06 4.835548230956907e-05
3.69021e-06 4.99319373993739e-05
3.69156e-06 5.167102089095348e-05
3.69292e-06 5.395799829889063e-05
3.69427e-06 5.67285523451679e-05
3.69562e-06 5.978037340324475e-05
3.69697e-06 6.3317020180555e-05
3.69832e-06 6.697103712257805e-05
3.69967e-06 7.042357534592855e-05
3.70102e-06 7.391219986328196e-05
3.70237e-06 7.751464601349806e-05
3.70373e-06 8.150855057114861e-05
3.70508e-06 8.577865362021975e-05
3.70643e-06 8.992483833075622e-05
3.70778e-06 9.409126970007372e-05
3.70913e-06 9.887423134887136e-05
3.71048e-06 0.00010437849669208641
3.71183e-06 0.00011038307516864361
3.71318e-06 0.00011670948146270171
3.71454e-06 0.0001233505294513212
3.71589e-06 0.00013095942374898853
3.71724e-06 0.0001396299167552665
3.71859e-06 0.00014900877702411297
3.71994e-06 0.00015868577902639812
3.72129e-06 0.00016877130169099398
3.72264e-06 0.00018008275280169013
3.72399e-06 0.00019271212955686797
3.72535e-06 0.00020581697080217083
3.7267e-06 0.00021918717991007547
3.72805e-06 0.00023310883213383454
3.7294e-06 0.0002479988346339689
3.73075e-06 0.0002646704740694954
3.7321e-06 0.0002829758715863032
3.73345e-06 0.0003021515015308501
3.7348e-06 0.00032238246690833975
3.73615e-06 0.00034404816567494307
3.73751e-06 0.00036737424667078277
3.73886e-06 0.0003925823597752657
3.74021e-06 0.00041903895719913776
3.74156e-06 0.00044638292853781174
3.74291e-06 0.00047523443945240215
3.74426e-06 0.0005057671999125267
3.74561e-06 0.0005380709102274615
3.74696e-06 0.0005725347581246376
3.74832e-06 0.0006089885740461288
3.74967e-06 0.0006476984639886643
3.75102e-06 0.0006894579938286612
3.75237e-06 0.0007338542274689605
3.75372e-06 0.0007806481827476958
3.75507e-06 0.000830092751410315
3.75642e-06 0.0008821649217090029
3.75777e-06 0.0009373987190152075
3.75913e-06 0.0009960697021743114
3.76048e-06 0.0010576141494203063
3.76183e-06 0.001122328456742912
3.76318e-06 0.0011907503934100107
3.76453e-06 0.0012627553959568029
3.76588e-06 0.001338739924875771
3.76723e-06 0.0014189311597477832
3.76858e-06 0.0015031188382735134
3.76994e-06 0.0015919354346069963
3.77129e-06 0.0016855831108447644
3.77264e-06 0.0017835807653494243
3.77399e-06 0.0018865496968416423
3.77534e-06 0.0019949951633969586
3.77669e-06 0.0021087776821736
3.77804e-06 0.002228792765723705
3.77939e-06 0.0023551165781100073
3.78075e-06 0.0024878884339086965
3.7821e-06 0.002628014025131234
3.78345e-06 0.0027757227358346515
3.7848e-06 0.002931269920087339
3.78615e-06 0.003095682122142553
3.7875e-06 0.003269404907632481
3.78885e-06 0.0034528835810136507
3.7902e-06 0.0036470736558937844
3.79156e-06 0.0038524388864798567
3.79291e-06 0.0040699360814751544
3.79426e-06 0.004300998157081033
3.79561e-06 0.0045461692455106666
3.79696e-06 0.0048065910426900935
3.79831e-06 0.005084013488126165
3.79966e-06 0.0053790745266409845
3.80101e-06 0.005693011930447692
3.80237e-06 0.0060278510631190715
3.80372e-06 0.006385262913727364
3.80507e-06 0.0067672050495712
3.80642e-06 0.007176171735527866
3.80777e-06 0.007613743790167602
3.80912e-06 0.008082045011723257
3.81047e-06 0.008584730617044133
3.81182e-06 0.009124329511344488
3.81318e-06 0.009703433324077389
3.81453e-06 0.010326330863400254
3.81588e-06 0.010996590633048954
3.81723e-06 0.011718312012869464
3.81858e-06 0.012497391666393442
3.81993e-06 0.01333802230459321
3.82128e-06 0.014244951550060378
3.82263e-06 0.015226244430532188
3.82398e-06 0.01628808519504967
3.82534e-06 0.017436217577604062
3.82669e-06 0.01867976423753396
3.82804e-06 0.020024842379278294
3.82939e-06 0.021483006101580875
3.83074e-06 0.023063764989413024
3.83209e-06 0.024776232985827665
3.83344e-06 0.02663527543655051
3.83479e-06 0.02865258868293776
3.83615e-06 0.030839781566594334
3.8375e-06 0.033215733564210176
3.83885e-06 0.03579441495255993
3.8402e-06 0.03858939870249048
3.84155e-06 0.04162337243109842
3.8429e-06 0.04491206232918374
3.84425e-06 0.0484703480314859
3.8456e-06 0.05232498541546762
3.84696e-06 0.056493181954617194
3.84831e-06 0.06099121827024152
3.84966e-06 0.06584885161698928
3.85101e-06 0.07107698851864949
3.85236e-06 0.07670689656886502
3.85371e-06 0.08275393534798352
3.85506e-06 0.08922927384317945
3.85641e-06 0.09616213497608272
3.85777e-06 0.10355982031272229
3.85912e-06 0.11142285383669917
3.86047e-06 0.1197743638723359
3.86182e-06 0.12861035063151288
3.86317e-06 0.1379187296943847
3.86452e-06 0.1477121492175832
3.86587e-06 0.1579702389358575
3.86722e-06 0.1686637736494068
3.86858e-06 0.1797925112058546
3.86993e-06 0.1913195798040771
3.87128e-06 0.20319754009645444
3.87263e-06 0.2154095000931641
3.87398e-06 0.22789854896405548
3.87533e-06 0.2406001879908189
3.87668e-06 0.2534850393480015
3.87803e-06 0.2664708799559376
3.87939e-06 0.27952023158842065
3.88074e-06 0.2925563146032003
3.88209e-06 0.30550775054766
3.88344e-06 0.31834391837675546
3.88479e-06 0.33099245887861045
3.88614e-06 0.3433895068288968
3.88749e-06 0.35551390514262227
3.88884e-06 0.3673060990586787
3.8902e-06 0.3787241714709496
3.89155e-06 0.3897606071109213
3.8929e-06 0.40037484484040675
3.89425e-06 0.4105409351587669
3.8956e-06 0.4202663635875138
3.89695e-06 0.42952672806978753
3.8983e-06 0.4383156941936456
3.89965e-06 0.44665029632822684
3.90101e-06 0.45452981543711324
3.90236e-06 0.46196585982610994
3.90371e-06 0.4689749388720875
3.90506e-06 0.47557548128875465
3.90641e-06 0.481773383428405
3.90776e-06 0.48759982077402964
3.90911e-06 0.49308310392223376
3.91046e-06 0.4982182480716831
3.91182e-06 0.5030363869349989
3.91317e-06 0.5075678077959112
3.91452e-06 0.511796309650963
3.91587e-06 0.5157547671651266
3.91722e-06 0.5194783652413293
3.91857e-06 0.5229415666749249
3.91992e-06 0.526176108815424
3.92127e-06 0.5292218720899874
3.92262e-06 0.5320409548744113
3.92398e-06 0.5346667307407215
3.92533e-06 0.5371453909825314
3.92668e-06 0.5394280564298848
3.92803e-06 0.5415775624133388
3.92938e-06 0.5435499609161614
3.93073e-06 0.5453773764387619
3.93208e-06 0.5470995543295685
3.93343e-06 0.548663177096371
3.93479e-06 0.5501078574242673
3.93614e-06 0.5514723240464017
3.93749e-06 0.5526950086244293
3.93884e-06 0.5538224341971623
3.94019e-06 0.5548928263267328
3.94154e-06 0.5558394636124744
3.94289e-06 0.5567103436030594
3.94424e-06 0.5575455961706669
3.9456e-06 0.558270246684246
3.94695e-06 0.5589343134155693
3.9483e-06 0.5595828399880043
3.94965e-06 0.5601323220193026
3.951e-06 0.5606820515317685
3.95235e-06 0.5611448985278773
3.9537e-06 0.5615638233766114
3.95505e-06 0.5619977873009261
3.95641e-06 0.562357097459147
3.95776e-06 0.5626868844110741
3.95911e-06 0.5630418870151864
3.96046e-06 0.5633324197059516
3.96181e-06 0.5636011649599435
3.96316e-06 0.5638977698676864
3.96451e-06 0.5641384096836952
3.96586e-06 0.5643639609172366
3.96722e-06 0.5646222740519358
3.96857e-06 0.5648299548169748
3.96992e-06 0.5650274775513839
3.97127e-06 0.5652618161635157
3.97262e-06 0.565448442272676
3.97397e-06 0.5656339569205924
3.97532e-06 0.5658590508332945
3.97667e-06 0.5660379511606852
3.97803e-06 0.5662636126525569
3.97938e-06 0.5664368079208348
3.98073e-06 0.5666081871864077
3.98208e-06 0.5668238953496925
3.98343e-06 0.5669911468775202
3.98478e-06 0.5671550800643704
3.98613e-06 0.5673629350839224
3.98748e-06 0.5675266303858986
3.98884e-06 0.5676843485709367
3.99019e-06 0.5678872123284341
3.99154e-06 0.5680483612936563
3.99289e-06 0.5682050373135052
3.99424e-06 0.5684045024180524
3.99559e-06 0.5685636634183555
3.99694e-06 0.5687190193636149
3.99829e-06 0.5689112291254753
3.99965e-06 0.5690651141070607
4.001e-06 0.5692142419310087
4.00235e-06 0.5693637595296738
4.0037e-06 0.5694939090951032
4.00505e-06 0.5696453083687297
4.0064e-06 0.5697713711891338
4.00775e-06 0.569898821841911
4.0091e-06 0.5700520810166794
4.01045e-06 0.5701790308361275
4.01181e-06 0.5703058301882312
4.01316e-06 0.5704606841359946
4.01451e-06 0.5705884371585415
4.01586e-06 0.5707141559969253
4.01721e-06 0.5708646658146552
4.01856e-06 0.5709902568542745
4.01991e-06 0.5711109895052191
4.02126e-06 0.5712591921807064
4.02262e-06 0.5713868529937045
4.02397e-06 0.5715107729458806
4.02532e-06 0.5716635949742258
4.02667e-06 0.5717933520825318
4.02802e-06 0.571949924592335
4.02937e-06 0.5720773079813897
4.03072e-06 0.5722086815769447
4.03207e-06 0.5723691972671948
4.03343e-06 0.5724945924648035
4.03478e-06 0.5726222537726754
4.03613e-06 0.5727820376934254
4.03748e-06 0.5729071572859292
4.03883e-06 0.5730318811569566
4.04018e-06 0.5731966849672934
4.04153e-06 0.5733244428217885
4.04288e-06 0.5734501303326278
4.04424e-06 0.5736187407821411
4.04559e-06 0.5737479118119801
4.04694e-06 0.5738732040107809
4.04829e-06 0.5740391759189517
4.04964e-06 0.5741644062096414
4.05099e-06 0.5742816645496008
4.05234e-06 0.5744421589478836
4.05369e-06 0.5745586252853236
4.05505e-06 0.5747196131049277
4.0564e-06 0.574829523758412
4.05775e-06 0.5749404023236655
4.0591e-06 0.5751050737415586
4.06045e-06 0.5752109776143979
4.0618e-06 0.5753179291114803
4.06315e-06 0.5754813832996077
4.0645e-06 0.5755825570725257
4.06586e-06 0.5756780247959861
4.06721e-06 0.5758334518336568
4.06856e-06 0.5759240663289993
4.06991e-06 0.5760054997696447
4.07126e-06 0.5761524571697925
4.07261e-06 0.5762319173814456
4.07396e-06 0.57630668901717
4.07531e-06 0.5764490767048053
4.07667e-06 0.5765254665099433
4.07802e-06 0.5766704929585764
4.07937e-06 0.5767390890096658
4.08072e-06 0.5768098788358438
4.08207e-06 0.5769558567924691
4.08342e-06 0.5770195448008854
4.08477e-06 0.5770801916108734
4.08612e-06 0.5772218612478395
4.08748e-06 0.5772793871355941
4.08883e-06 0.577335776876756
4.09018e-06 0.5774770788904416
4.09153e-06 0.5775367378390622
4.09288e-06 0.5775932600140825
4.09423e-06 0.5777379423690403
4.09558e-06 0.5778020266168852
4.09693e-06 0.5778625165801572
4.09828e-06 0.5780119138600466
4.09964e-06 0.5780757207322981
4.10099e-06 0.5781392045733315
4.10234e-06 0.5782885664186496
4.10369e-06 0.5783502122470527
4.10504e-06 0.578505270696915
4.10639e-06 0.5785658781227025
4.10774e-06 0.5786272368507515
4.10909e-06 0.5787873939219368
4.11045e-06 0.5788552181272957
4.1118e-06 0.5789215679015989
4.11315e-06 0.5790882914320633
4.1145e-06 0.5791611261340952
4.11585e-06 0.579231168838044
4.1172e-06 0.5793935523428317
4.11855e-06 0.5794637178166786
4.1199e-06 0.5795291875360086
4.12126e-06 0.5796853787958711
4.12261e-06 0.5797464416281484
4.12396e-06 0.5798075338890213
4.12531e-06 0.5799586833093022
4.12666e-06 0.5800146746439644
4.12801e-06 0.5801683835559608
4.12936e-06 0.5802252885916348
4.13071e-06 0.5802795910538032
4.13207e-06 0.5804248542769559
4.13342e-06 0.5804769285012605
4.13477e-06 0.5805206388004569
4.13612e-06 0.580650919260488
4.13747e-06 0.5806884089744961
4.13882e-06 0.5807203464987765
4.14017e-06 0.5808307588776588
4.14152e-06 0.5808517211851016
4.14288e-06 0.5808705178922273
4.14423e-06 0.5809672919890688
4.14558e-06 0.5809775765894656
4.14693e-06 0.580988293137733
4.14828e-06 0.5810751411980564
4.14963e-06 0.5810727837696253
4.15098e-06 0.5810691672844577
4.15233e-06 0.5811381456394207
4.15369e-06 0.5811240222745582
4.15504e-06 0.5811761055345355
4.15639e-06 0.581152704021313
4.15774e-06 0.5811224355844712
4.15909e-06 0.5811541875331068
4.16044e-06 0.5811140710759417
4.16179e-06 0.5810739807605758
4.16314e-06 0.5810917690037878
4.1645e-06 0.5810410692358201
4.16585e-06 0.5809910192247634
4.1672e-06 0.5809969462945054
4.16855e-06 0.5809332638928035
4.1699e-06 0.5808676927009344
4.17125e-06 0.5808509712367248
4.1726e-06 0.580778804929408
4.17395e-06 0.5807027952167905
4.17531e-06 0.5806685645000531
4.17666e-06 0.5805887788296609
4.17801e-06 0.5805433158356001
4.17936e-06 0.5804579019688911
4.18071e-06 0.5803744330276268
4.18206e-06 0.5803249980920178
4.18341e-06 0.5802373176767609
4.18476e-06 0.5801525691713328
4.18611e-06 0.5800983597001228
4.18747e-06 0.5800117282005623
4.18882e-06 0.5799227746444819
4.19017e-06 0.5798601594416486
4.19152e-06 0.5797711461426165
4.19287e-06 0.5796793502634294
4.19422e-06 0.5796088046099585
4.19557e-06 0.579521045690828
4.19692e-06 0.5794331140397246
4.19828e-06 0.5793611155105256
4.19963e-06 0.5792796761251853
4.20098e-06 0.5792024940554039
4.20233e-06 0.579137810526108
4.20368e-06 0.5790634163540092
4.20503e-06 0.5790023965992774
4.20638e-06 0.5789327976599199
4.20773e-06 0.5788638876817173
4.20909e-06 0.5788023762933636
4.21044e-06 0.5787389472519104
4.21179e-06 0.578673911506985
4.21314e-06 0.5786114461051935
4.21449e-06 0.5785503956151516
4.21584e-06 0.5784926245137174
4.21719e-06 0.5784332558464584
4.21854e-06 0.5783768943809842
4.2199e-06 0.5783246838898071
4.22125e-06 0.5782720761921007
4.2226e-06 0.5782217199496875
4.22395e-06 0.5781746300110753
4.2253e-06 0.5781245401873707
4.22665e-06 0.5780756394573381
4.228e-06 0.5780178697109358
4.22935e-06 0.5779651902561087
4.23071e-06 0.5779094384564145
4.23206e-06 0.5778409177415578
4.23341e-06 0.5777739402882043
4.23476e-06 0.5777073923203955
4.23611e-06 0.5776341961846846
4.23746e-06 0.5775686997362107
4.23881e-06 0.5775100742313173
4.24016e-06 0.5774530978533046
4.24152e-06 0.5774065055184507
4.24287e-06 0.5773641483134594
4.24422e-06 0.5773233572288747
4.24557e-06 0.5772914809105978
4.24692e-06 0.5772578986465047
4.24827e-06 0.5772187475485269
4.24962e-06 0.5771846110519431
4.25097e-06 0.5771469336652167
4.25233e-06 0.5771017421142308
4.25368e-06 0.5770598396887994
4.25503e-06 0.5770175334668068
4.25638e-06 0.5769766037330547
4.25773e-06 0.5769351864203076
4.25908e-06 0.576894994826596
4.26043e-06 0.5768562432166107
4.26178e-06 0.576815205049475
4.26314e-06 0.5767751780730157
4.26449e-06 0.5767334901618955
4.26584e-06 0.5766884377640342
4.26719e-06 0.5766413793427969
4.26854e-06 0.576586274395547
4.26989e-06 0.5765284813872054
4.27124e-06 0.5764728268874958
4.27259e-06 0.576405803431671
4.27395e-06 0.5763371912713243
4.2753e-06 0.5762777191152215
4.27665e-06 0.5762070523255138
4.278e-06 0.5761349568088221
4.27935e-06 0.5760765653709007
4.2807e-06 0.5760077562205459
4.28205e-06 0.5759499471331111
4.2834e-06 0.5758754721458941
4.28475e-06 0.5757987702558633
4.28611e-06 0.5757347641280381
4.28746e-06 0.5756486740065654
4.28881e-06 0.5755591710295973
4.29016e-06 0.5754874622634869
4.29151e-06 0.5753942006394244
4.29286e-06 0.5752980282429583
4.29421e-06 0.5752232400971947
4.29556e-06 0.5751277684410918
4.29692e-06 0.5750311932782922
4.29827e-06 0.5749573085255704
4.29962e-06 0.5748600411195035
4.30097e-06 0.574761895059773
4.30232e-06 0.5746864940693972
4.30367e-06 0.5745825344395099
4.30502e-06 0.5745055559912744
4.30637e-06 0.5744001725349648
4.30773e-06 0.5742919715032901
4.30908e-06 0.574211088909006
4.31043e-06 0.574102050446667
4.31178e-06 0.5739924281623048
4.31313e-06 0.573911727863775
4.31448e-06 0.5738005101058384
4.31583e-06 0.5736899678836084
4.31718e-06 0.5736098843857784
4.31854e-06 0.5734964558808908
4.31989e-06 0.5733822430269002
4.32124e-06 0.5732999929332123
4.32259e-06 0.5731834502437031
4.32394e-06 0.5730639258024967
4.32529e-06 0.5729756437479034
4.32664e-06 0.5728536001836504
4.32799e-06 0.5727292856439425
4.32935e-06 0.5726355105283503
4.3307e-06 0.5725091377343916
4.33205e-06 0.5724148525547654
4.3334e-06 0.5722865368764447
4.33475e-06 0.5721566351549343
4.3361e-06 0.5720595427037773
4.33745e-06 0.5719295703275762
4.3388e-06 0.5717981888839592
4.34016e-06 0.5716955725939483
4.34151e-06 0.5715603541226184
4.34286e-06 0.5714212186945691
4.34421e-06 0.571308152837384
4.34556e-06 0.5711601203513568
4.34691e-06 0.571009892383708
4.34826e-06 0.5708840148276906
4.34961e-06 0.5707126842399364
4.35097e-06 0.5705373128512332
4.35232e-06 0.5703743947683099
4.35367e-06 0.570192706161393
4.35502e-06 0.5700198609661522
4.35637e-06 0.5698288242304094
4.35772e-06 0.5696338400351395
4.35907e-06 0.5694430735103003
4.36042e-06 0.5692341733795836
4.36178e-06 0.5690181679793713
4.36313e-06 0.5688042199520414
4.36448e-06 0.5685738027840574
4.36583e-06 0.5683361521944179
4.36718e-06 0.5680985838597301
4.36853e-06 0.5678482171999055
4.36988e-06 0.5675920546120423
4.37123e-06 0.5673335658937233
4.37258e-06 0.5670666230856882
4.37394e-06 0.5667942914833488
4.37529e-06 0.5665184476859249
4.37664e-06 0.5662352148254549
4.37799e-06 0.5659489770013085
4.37934e-06 0.5656566224617599
4.38069e-06 0.5653614535633746
4.38204e-06 0.5650574026613475
4.38339e-06 0.564753439730721
4.38475e-06 0.5644460778588571
4.3861e-06 0.5641314564513155
4.38745e-06 0.5638196092356297
4.3888e-06 0.5635076456221184
4.39015e-06 0.5631865999878392
4.3915e-06 0.5628741982001049
4.39285e-06 0.5625627770330102
4.3942e-06 0.5622433649332339
4.39556e-06 0.561936413614202
4.39691e-06 0.5616315898933908
4.39826e-06 0.5613924431935561
4.39961e-06 0.5611297744077257
4.40096e-06 0.5608703675040374
4.40231e-06 0.5606369737995653
4.40366e-06 0.5603839455181336
4.40501e-06 0.5601561830293909
4.40637e-06 0.5599114494027999
4.40772e-06 0.5596713464154566
4.40907e-06 0.5594594713908727
4.41042e-06 0.5592323786189084
4.41177e-06 0.5590134765216132
4.41312e-06 0.5588201776110004
4.41447e-06 0.5586147051773402
4.41582e-06 0.5584147841439728
4.41718e-06 0.5582399005431244
4.41853e-06 0.5580512020822535
4.41988e-06 0.5578669354790214
4.42123e-06 0.5577054239930185
4.42258e-06 0.5575300672265958
4.42393e-06 0.5573600929122731
4.42528e-06 0.5572114857642791
4.42663e-06 0.5570514434046726
4.42799e-06 0.5568943723011324
4.42934e-06 0.5567606470640323
4.43069e-06 0.5566125290796438
4.43204e-06 0.5564875049008742
4.43339e-06 0.5563473437616024
4.43474e-06 0.5562121902708621
4.43609e-06 0.5560988095787068
4.43744e-06 0.5559700662342418
4.4388e-06 0.5558439160553407
4.44015e-06 0.5557403350034281
4.4415e-06 0.5556203441006352
4.44285e-06 0.5555014388448873
4.4442e-06 0.555406274862146
4.44555e-06 0.5552718060030215
4.4469e-06 0.5551395168001094
4.44825e-06 0.5550102932802929
4.44961e-06 0.5548783758144558
4.45096e-06 0.5547457356970487
4.45231e-06 0.5546209076233334
4.45366e-06 0.5544877984285126
4.45501e-06 0.5543623211414237
4.45636e-06 0.554227884167874
4.45771e-06 0.5540928544675862
4.45906e-06 0.5539679292277268
4.46041e-06 0.5538300984250719
4.46177e-06 0.5536926887577545
4.46312e-06 0.5535679350686036
4.46447e-06 0.5534296506736103
4.46582e-06 0.5532874108662813
4.46717e-06 0.553161517289193
4.46852e-06 0.5530159046876014
4.46987e-06 0.5528687626827358
4.47122e-06 0.5527377309431751
4.47258e-06 0.5525847759125131
4.47393e-06 0.5524292172974852
4.47528e-06 0.5522941092343673
4.47663e-06 0.5521323944251524
4.47798e-06 0.5519659544536579
4.47933e-06 0.5518251259317686
4.48068e-06 0.5516527809369828
4.48203e-06 0.5515070976928615
4.48339e-06 0.5513262310274405
4.48474e-06 0.5511430751960238
4.48609e-06 0.5509879567052899
4.48744e-06 0.5507964545130732
4.48879e-06 0.5506012967668811
4.49014e-06 0.5504402509744479
4.49149e-06 0.5502401891055629
4.49284e-06 0.5500342978868685
4.4942e-06 0.5498653145589496
4.49555e-06 0.5496425208881107
4.4969e-06 0.5494174806067377
4.49825e-06 0.5492206194146385
4.4996e-06 0.5489851989421874
4.50095e-06 0.548744859344993
4.5023e-06 0.5485395622674121
4.50365e-06 0.548290259146447
4.50501e-06 0.5480743761529077
4.50636e-06 0.5478148357902134
4.50771e-06 0.5475495448858771
4.50906e-06 0.5473231546821877
4.51041e-06 0.5470458092029968
4.51176e-06 0.5467647659645233
4.51311e-06 0.5465239013599044
4.51446e-06 0.5462346620544574
4.51582e-06 0.5459392991067857
4.51717e-06 0.5456870231585902
4.51852e-06 0.5453844755213759
4.51987e-06 0.5450766218184662
4.52122e-06 0.5448134306589051
4.52257e-06 0.544493732864242
4.52392e-06 0.5441719045564137
4.52527e-06 0.5438947733965207
4.52663e-06 0.5435620153399838
4.52798e-06 0.543222888300663
4.52933e-06 0.5429329999781709
4.53068e-06 0.5425887928933164
4.53203e-06 0.5422929417957074
4.53338e-06 0.5419423408876598
4.53473e-06 0.5415886258850491
4.53608e-06 0.5412897346024494
4.53744e-06 0.5409340599130923
4.53879e-06 0.5405763678650659
4.54014e-06 0.5402688751058772
4.54149e-06 0.5399084950670825
4.54284e-06 0.5395464419594631
4.54419e-06 0.539231922642109
4.54554e-06 0.538862868609198
4.54689e-06 0.5384896697383952
4.54825e-06 0.5381670949578293
4.5496e-06 0.5377925468005592
4.55095e-06 0.537418701688898
4.5523e-06 0.5370929381775333
4.55365e-06 0.5367208680075657
4.555e-06 0.5363956629357187
4.55635e-06 0.5360234960793726
4.5577e-06 0.535655170509586
4.55905e-06 0.5353318195361043
4.56041e-06 0.5349659398557919
4.56176e-06 0.5345978291779638
4.56311e-06 0.5342736897838976
4.56446e-06 0.533910671775592
4.56581e-06 0.533549246915958
4.56716e-06 0.5332269578035667
4.56851e-06 0.5328657065588582
4.56986e-06 0.5325098878656012
4.57122e-06 0.5321893169219525
4.57257e-06 0.531835193856274
4.57392e-06 0.5314793041078761
4.57527e-06 0.5311569658961273
4.57662e-06 0.5308062052959035
4.57797e-06 0.5304549600677164
4.57932e-06 0.5301306816734632
4.58067e-06 0.5297780076315148
4.58203e-06 0.5294521269243054
4.58338e-06 0.5291006939879506
4.58473e-06 0.5287486021853824
4.58608e-06 0.5284125927703476
4.58743e-06 0.5280568223893831
4.58878e-06 0.5277004225766068
4.59013e-06 0.527351411404529
4.59148e-06 0.526987579920694
4.59284e-06 0.5266219747587406
4.59419e-06 0.5262657163763746
4.59554e-06 0.5258961620306493
4.59689e-06 0.5255225802889208
4.59824e-06 0.5251500953021757
4.59959e-06 0.5247727906470222
4.60094e-06 0.5243949064758123
4.60229e-06 0.524006618071736
4.60365e-06 0.523617502336344
4.605e-06 0.5232242480037981
4.60635e-06 0.522818326761133
4.6077e-06 0.5224125679644329
4.60905e-06 0.521985051116445
4.6104e-06 0.5215658529658568
4.61175e-06 0.5211401252314133
4.6131e-06 0.5206890235069456
4.61446e-06 0.5202457230458136
4.61581e-06 0.519797382476674
4.61716e-06 0.519321385575958
4.61851e-06 0.5188641847507985
4.61986e-06 0.5184011612530275
4.62121e-06 0.5178997435257934
4.62256e-06 0.5174242482067158
4.62391e-06 0.5169424695639203
4.62527e-06 0.5164180265967016
4.62662e-06 0.5159205259670425
4.62797e-06 0.5154170252207709
4.62932e-06 0.5148693935858051
4.63067e-06 0.5143531176216957
4.63202e-06 0.5137850802211223
4.63337e-06 0.5132538006690339
4.63472e-06 0.5127198202813239
4.63608e-06 0.5121322893861229
4.63743e-06 0.5115852836306086
4.63878e-06 0.5110340460262269
4.64013e-06 0.5104246170729657
4.64148e-06 0.509868218810476
4.64283e-06 0.5093068064870332
4.64418e-06 0.5086827203097819
4.64553e-06 0.5081142192786764
4.64688e-06 0.507545214100586
4.64824e-06 0.5069148179914653
4.64959e-06 0.5063401875869811
4.65094e-06 0.505763921953838
4.65229e-06 0.5051197208432648
4.65364e-06 0.5045408066965807
4.65499e-06 0.5039612603805335
4.65634e-06 0.5033083216979309
4.65769e-06 0.5027286790350299
4.65905e-06 0.5020796030658843
4.6604e-06 0.501505881863883
4.66175e-06 0.5009337350968617
4.6631e-06 0.5002904002545472
4.66445e-06 0.49972907063932925
4.6658e-06 0.49917311194498726
4.66715e-06 0.49854654144027166
4.6685e-06 0.49799814520645364
4.66986e-06 0.49745755643545886
4.67121e-06 0.49684943631973366
4.67256e-06 0.4963243106467956
4.67391e-06 0.49580521320494275
4.67526e-06 0.49521308827144506
4.67661e-06 0.4947084369521628
4.67796e-06 0.4942116566526217
4.67931e-06 0.49364176653728226
4.68067e-06 0.49315632101878315
4.68202e-06 0.49260100043618654
4.68337e-06 0.49213519695563135
4.68472e-06 0.4916773470673941
4.68607e-06 0.4911506064232497
4.68742e-06 0.49071048911151194
4.68877e-06 0.49028249579822664
4.69012e-06 0.4897926295794155
4.69148e-06 0.48938530609301656
4.69283e-06 0.48898658785547966
4.69418e-06 0.4885238082908758
4.69553e-06 0.48814680069976607
4.69688e-06 0.487779739050927
4.69823e-06 0.48734599078948093
4.69958e-06 0.4869929289603098
4.70093e-06 0.48664880917824194
4.70229e-06 0.48624584023006867
4.70364e-06 0.4859182617333424
4.70499e-06 0.4855944925511979
4.70634e-06 0.48521458146376045
4.70769e-06 0.48490975518924273
4.70904e-06 0.4845502049996647
4.71039e-06 0.48425835669764905
4.71174e-06 0.48397111675497084
4.7131e-06 0.48363315066138624
4.71445e-06 0.48336181941006445
4.7158e-06 0.48309558349477894
4.71715e-06 0.48277414958873355
4.7185e-06 0.48251179926214394
4.71985e-06 0.4822543602339031
4.7212e-06 0.48194676979580686
4.72255e-06 0.48169127897968933
4.72391e-06 0.48143407066231203
4.72526e-06 0.48113234991025433
4.72661e-06 0.48088033810884373
4.72796e-06 0.480625874307694
4.72931e-06 0.4803274739395742
4.73066e-06 0.48006942969195837
4.73201e-06 0.47977548888358873
4.73336e-06 0.47951995412515036
4.73471e-06 0.4792592666920018
4.73607e-06 0.4789616428513611
4.73742e-06 0.4786943523598969
4.73877e-06 0.4784264698608319
4.74012e-06 0.478126431607969
4.74147e-06 0.4778468489708979
4.74282e-06 0.4775611918134186
4.74417e-06 0.47724864007594014
4.74552e-06 0.4769555031560538
4.74688e-06 0.4766533252635218
4.74823e-06 0.47632476902039134
4.74958e-06 0.47600745174940495
4.75093e-06 0.4756847298045974
4.75228e-06 0.47534639529721706
4.75363e-06 0.47501050418367685
4.75498e-06 0.4746664190859002
4.75633e-06 0.47431286188872934
4.75769e-06 0.473961842932519
4.75904e-06 0.47360456861167255
4.76039e-06 0.4732401590741887
4.76174e-06 0.47286916707726595
4.76309e-06 0.472482187683271
4.76444e-06 0.4720874146262969
4.76579e-06 0.47168597297079967
4.76714e-06 0.47126768983007117
4.7685e-06 0.47085285344112393
4.76985e-06 0.47043549703811405
4.7712e-06 0.47001125929230014
4.77255e-06 0.46958451520929795
4.7739e-06 0.4691509983743427
4.77525e-06 0.46871879029328156
4.7766e-06 0.4682849472299458
4.77795e-06 0.4678474511599081
4.77931e-06 0.4674136705570011
4.78066e-06 0.4669703268773564
4.78201e-06 0.46654030328440893
4.78336e-06 0.46610259643560653
4.78471e-06 0.4656629807352815
4.78606e-06 0.46523704688841244
4.78741e-06 0.46479693882663065
4.78876e-06 0.46436131683028714
4.79012e-06 0.46394731597112415
4.79147e-06 0.4635137813870609
4.79282e-06 0.463080198222095
4.79417e-06 0.46267136972012823
4.79552e-06 0.4622458457327999
4.79687e-06 0.46182296403808326
4.79822e-06 0.4614255115713345
4.79957e-06 0.4610048777978998
4.80093e-06 0.4605885334636334
4.80228e-06 0.4602068119311228
4.80363e-06 0.4597991421800752
4.80498e-06 0.45939137068166996
4.80633e-06 0.459019207701021
4.80768e-06 0.45862203885517283
4.80903e-06 0.4582642876742486
4.81038e-06 0.4578763340053783
4.81174e-06 0.45748909194311327
4.81309e-06 0.45714203892689387
4.81444e-06 0.4567658590155249
4.81579e-06 0.456393342396784
4.81714e-06 0.45605752291301693
4.81849e-06 0.45568336373618024
4.81984e-06 0.45531134280296315
4.82119e-06 0.4549800143928428
4.82255e-06 0.45460981072858775
4.8239e-06 0.4542361967624313
4.82525e-06 0.4538982763424567
4.8266e-06 0.453522359156316
4.82795e-06 0.45314715058266675
4.8293e-06 0.4528077610895229
4.83065e-06 0.45242327946373023
4.832e-06 0.4520737815391985
4.83335e-06 0.451684130133986
4.83471e-06 0.45129296533041724
4.83606e-06 0.4509343444629598
4.83741e-06 0.45052689158403214
4.83876e-06 0.45011077011910366
4.84011e-06 0.44972826609735883
4.84146e-06 0.4492987938439712
4.84281e-06 0.448855872909545
4.84416e-06 0.44843756284326425
4.84552e-06 0.4479679795652002
4.84687e-06 0.44748872121374283
4.84822e-06 0.4470359045176465
4.84957e-06 0.4465286964297414
4.85092e-06 0.4460067034812601
4.85227e-06 0.44550770620864566
4.85362e-06 0.4449619685645277
4.85497e-06 0.4444040792682469
4.85633e-06 0.4438624646247762
4.85768e-06 0.4432707604832188
4.85903e-06 0.4426981587362512
4.86038e-06 0.44208109073423896
4.86173e-06 0.4414505349268646
4.86308e-06 0.44083221007759743
4.86443e-06 0.44016716356364816
4.86578e-06 0.4394881371900603
4.86714e-06 0.43882483184139476
4.86849e-06 0.43811775585801915
4.86984e-06 0.4373928066525894
4.87119e-06 0.43667879257723163
4.87254e-06 0.43592719035298577
4.87389e-06 0.4351656809470695
4.87524e-06 0.43441441400502334
4.87659e-06 0.43362643326889017
4.87795e-06 0.432828503957365
4.8793e-06 0.43190972580432146
4.88065e-06 0.4309652994435057
4.882e-06 0.430012973337905
4.88335e-06 0.4289356375302792
4.8847e-06 0.4279693913174878
4.88605e-06 0.4268837033637186
4.8874e-06 0.42591457940051947
4.88876e-06 0.42494131791107626
4.89011e-06 0.42384330010184734
4.89146e-06 0.42286432845307453
4.89281e-06 0.4218881736591521
4.89416e-06 0.4207907713819251
4.89551e-06 0.41981493749827176
4.89686e-06 0.41883820920541925
4.89821e-06 0.41773864349917833
4.89957e-06 0.4167697266663213
4.90092e-06 0.4158057120820203
4.90227e-06 0.4147169479393907
4.90362e-06 0.4137576204954382
4.90497e-06 0.41280444994345167
4.90632e-06 0.41172967796908794
4.90767e-06 0.41079010678460304
4.90902e-06 0.40972104297524115
4.91038e-06 0.4087839606236223
4.91173e-06 0.4078508560291222
4.91308e-06 0.40678854825840116
4.91443e-06 0.4058606860633318
4.91578e-06 0.4049284711601834
4.91713e-06 0.4038554681914672
4.91848e-06 0.40291278052131607
4.91983e-06 0.4019658202353832
4.92118e-06 0.4008718720980856
4.92254e-06 0.39989961302048826
4.92389e-06 0.39891022923094155
4.92524e-06 0.3977636663936756
4.92659e-06 0.39673966464177624
4.92794e-06 0.3956897160114957
4.92929e-06 0.39447028023090963
4.93064e-06 0.39335761500579003
4.93199e-06 0.39221152952117355
4.93335e-06 0.390888864992222
4.9347e-06 0.3896626465888442
4.93605e-06 0.38824640099106783
4.9374e-06 0.38691316858300095
4.93875e-06 0.38552594327731915
4.9401e-06 0.3839329624372617
4.94145e-06 0.38241514368116625
4.9428e-06 0.3808245834159339
4.94416e-06 0.3790048890705642
4.94551e-06 0.377254337658513
4.94686e-06 0.37541316045899725
4.94821e-06 0.3733430880694262
4.94956e-06 0.3713199003357517
4.95091e-06 0.3691970306407669
4.95226e-06 0.3668365547970426
4.95361e-06 0.36451272551258407
4.95497e-06 0.3620937405947682
4.95632e-06 0.3594140661910439
4.95767e-06 0.35677248466255407
4.95902e-06 0.3538782299981747
4.96037e-06 0.3510173019774041
4.96172e-06 0.3480517906357686
4.96307e-06 0.3448275067150206
4.96442e-06 0.3416424755898038
4.96578e-06 0.3383379792098588
4.96713e-06 0.3348021860279554
4.96848e-06 0.33129618205568356
4.96983e-06 0.3276876863031723
4.97118e-06 0.3238497162351634
4.97253e-06 0.32004364050041123
4.97388e-06 0.3161601275992463
4.97523e-06 0.3120485363827703
4.97659e-06 0.30799318714203816
4.97794e-06 0.30385217275934656
4.97929e-06 0.29951658945584336
4.98064e-06 0.29524252626093783
4.98199e-06 0.2909025902799331
4.98334e-06 0.28639270998358346
4.98469e-06 0.2819392751929166
4.98604e-06 0.27733487223473063
4.9874e-06 0.27280278656974444
4.98875e-06 0.2682428033941765
4.9901e-06 0.26354122320707063
4.99145e-06 0.2589263320954072
4.9928e-06 0.25429815027962543
4.99415e-06 0.2495469037960197
4.9955e-06 0.2449072737426039
4.99685e-06 0.24025689000458178
4.99821e-06 0.23551382777223043
4.99956e-06 0.23087623320871292
5.00091e-06 0.22625302985656198
5.00226e-06 0.22160947728642655
5.00361e-06 0.2170498560897141
5.00496e-06 0.2125162519942551
5.00631e-06 0.20793846698695045
5.00766e-06 0.2034469044334387
5.00901e-06 0.19894080139383644
5.01037e-06 0.1945361830537663
5.01172e-06 0.19016802240794511
5.01307e-06 0.18576867035983025
5.01442e-06 0.18148798789934914
5.01577e-06 0.17725067393590124
5.01712e-06 0.17300563183219103
5.01847e-06 0.16886206580207824
5.01982e-06 0.16477257022108477
5.02118e-06 0.1606798995851432
5.02253e-06 0.15669628006060338
5.02388e-06 0.15276517250311786
5.02523e-06 0.1488381381686787
5.02658e-06 0.14501484737881898
5.02793e-06 0.14124236228346726
5.02928e-06 0.13748244475022028
5.03063e-06 0.133817818170367
5.03199e-06 0.1302087091350933
5.03334e-06 0.1266045139801236
5.03469e-06 0.12309591742367337
5.03604e-06 0.11959740915176266
5.03739e-06 0.11619073368290908
5.03874e-06 0.11283471643000036
5.04009e-06 0.10948849706406101
5.04144e-06 0.10623230889583228
5.0428e-06 0.10302129219488625
5.04415e-06 0.09983108559448428
5.0455e-06 0.09672029580733942
5.04685e-06 0.0936605722384875
5.0482e-06 0.0906156860541194
5.04955e-06 0.08765212100124034
5.0509e-06 0.08473738783872149
5.05225e-06 0.08184116658165994
5.05361e-06 0.0790243580625844
5.05496e-06 0.07625166578531316
5.05631e-06 0.07350616566561285
5.05766e-06 0.07083255352688225
5.05901e-06 0.0681882821053819
5.06036e-06 0.06561497306336282
5.06171e-06 0.06309332632887871
5.06306e-06 0.06059932230061982
5.06442e-06 0.058193631817045094
5.06577e-06 0.055840463954558224
5.06712e-06 0.05353069498684143
5.06847e-06 0.051284103045033294
5.06982e-06 0.049088775088663765
5.07117e-06 0.04694652448458149
5.07252e-06 0.04486555867231773
5.07387e-06 0.042845252610386866
5.07523e-06 0.04087515803220909
5.07658e-06 0.03897151111552988
5.07793e-06 0.03712691434676555
5.07928e-06 0.03533678748125373
5.08063e-06 0.033613044673384516
5.08198e-06 0.03194821884813683
5.08333e-06 0.030339402482716125
5.08468e-06 0.02879376044203335
5.08604e-06 0.02730468627171847
5.08739e-06 0.02587831004184133
5.08874e-06 0.024511595346667026
5.09009e-06 0.023197333186843173
5.09144e-06 0.021945051390173102
5.09279e-06 0.02074851783366599
5.09414e-06 0.019603343339505627
5.09549e-06 0.018515942022099812
5.09684e-06 0.017480504211969627
5.0982e-06 0.01649270167313377
5.09955e-06 0.015557277417634179
5.1009e-06 0.014670279196220846
5.10225e-06 0.013826376292485086
5.1036e-06 0.013030722341825427
5.10495e-06 0.012277775376623109
5.1063e-06 0.011563583779029496
5.10765e-06 0.010891445258528152
5.10901e-06 0.010254649565815259
5.11036e-06 0.009656300734842296
5.11171e-06 0.009092040346773756
5.11306e-06 0.008557929220129233
5.11441e-06 0.008056635027299777
5.11576e-06 0.007584503768207146
5.11711e-06 0.0071380089292204275
5.11846e-06 0.006719762194459969
5.11982e-06 0.006326287555621707
5.12117e-06 0.00595452660528469
5.12252e-06 0.005606759685288056
5.12387e-06 0.005279944863680333
5.12522e-06 0.004971531343053872
5.12657e-06 0.004683324135717736
5.12792e-06 0.0044127023328458794
5.12927e-06 0.004157287737959521
5.13063e-06 0.00391881093378544
5.13198e-06 0.0036949443476309816
5.13333e-06 0.00348351635805798
5.13468e-06 0.0032860169195801374
5.13603e-06 0.003099304549710875
5.13738e-06 0.002924898826409134
5.13873e-06 0.0027610571946973016
5.14008e-06 0.0026062517036514656
5.14144e-06 0.0024617023099882864
5.14279e-06 0.002325947146127176
5.14414e-06 0.0021975633485751965
5.14549e-06 0.0020778465476573417
5.14684e-06 0.0019653906382413044
5.14819e-06 0.0018589236652098884
5.14954e-06 0.0017594136114329503
5.15089e-06 0.001665754760108792
5.15225e-06 0.001576927745109586
5.1536e-06 0.0014940056718244646
5.15495e-06 0.0014159523070101268
5.1563e-06 0.0013417534545466317
5.15765e-06 0.0012722987117274231
5.159e-06 0.001206260711401322
5.16035e-06 0.0011445594449423075
5.1617e-06 0.0010864318120285745
5.16306e-06 0.0010312182042335634
5.16441e-06 0.0009795469612760381
5.16576e-06 0.0009308251222045817
5.16711e-06 0.0008845145885307592
5.16846e-06 0.0008412863239603362
5.16981e-06 0.0008005153179377925
5.17116e-06 0.0007615375262943416
5.17251e-06 0.0007248821978270429
5.17387e-06 0.0006900895812365711
5.17522e-06 0.000656704422000686
5.17657e-06 0.0006252480242938702
5.17792e-06 0.000595249816285655
5.17927e-06 0.0005663025721796616
5.18062e-06 0.0005389752180269939
5.18197e-06 0.0005131546835557752
5.18332e-06 0.0004885323842682263
5.18468e-06 0.0004655401763109016
5.18603e-06 0.0004435659622176749
5.18738e-06 0.00042302161943517653
5.18873e-06 0.00040364641588537314
5.19008e-06 0.000385317437829315
5.19143e-06 0.0003683787967742021
5.19278e-06 0.00035236651721800227
5.19413e-06 0.00033700025719039377
5.19548e-06 0.0003225674893285115
5.19684e-06 0.0
5.19819e-06 0.0
