#Swift UVOT V band. From makeUvot.py
#http://heasarc.nasa.gov/docs/swift/proposals/swift_responses.html
8.013e-07 0.000e+00
8.008e-07 0.000e+00
8.003e-07 0.000e+00
7.998e-07 0.000e+00
7.993e-07 0.000e+00
7.988e-07 0.000e+00
7.983e-07 0.000e+00
7.978e-07 0.000e+00
7.973e-07 0.000e+00
7.968e-07 0.000e+00
7.963e-07 0.000e+00
7.958e-07 0.000e+00
7.953e-07 0.000e+00
7.948e-07 0.000e+00
7.943e-07 0.000e+00
7.938e-07 0.000e+00
7.933e-07 0.000e+00
7.928e-07 0.000e+00
7.923e-07 0.000e+00
7.918e-07 0.000e+00
7.913e-07 0.000e+00
7.908e-07 0.000e+00
7.903e-07 0.000e+00
7.898e-07 0.000e+00
7.893e-07 0.000e+00
7.888e-07 0.000e+00
7.883e-07 0.000e+00
7.878e-07 0.000e+00
7.873e-07 0.000e+00
7.868e-07 0.000e+00
7.863e-07 0.000e+00
7.858e-07 0.000e+00
7.853e-07 0.000e+00
7.848e-07 0.000e+00
7.843e-07 0.000e+00
7.838e-07 0.000e+00
7.833e-07 0.000e+00
7.828e-07 0.000e+00
7.823e-07 0.000e+00
7.818e-07 0.000e+00
7.813e-07 0.000e+00
7.808e-07 0.000e+00
7.803e-07 0.000e+00
7.798e-07 0.000e+00
7.793e-07 0.000e+00
7.788e-07 0.000e+00
7.783e-07 0.000e+00
7.778e-07 0.000e+00
7.773e-07 0.000e+00
7.768e-07 0.000e+00
7.763e-07 0.000e+00
7.758e-07 0.000e+00
7.753e-07 0.000e+00
7.748e-07 0.000e+00
7.743e-07 0.000e+00
7.738e-07 0.000e+00
7.733e-07 0.000e+00
7.728e-07 0.000e+00
7.723e-07 0.000e+00
7.718e-07 0.000e+00
7.713e-07 0.000e+00
7.708e-07 0.000e+00
7.703e-07 0.000e+00
7.698e-07 0.000e+00
7.693e-07 0.000e+00
7.688e-07 0.000e+00
7.683e-07 0.000e+00
7.678e-07 0.000e+00
7.673e-07 0.000e+00
7.668e-07 0.000e+00
7.663e-07 0.000e+00
7.658e-07 0.000e+00
7.653e-07 0.000e+00
7.648e-07 0.000e+00
7.643e-07 0.000e+00
7.638e-07 0.000e+00
7.633e-07 0.000e+00
7.628e-07 0.000e+00
7.623e-07 0.000e+00
7.618e-07 0.000e+00
7.613e-07 0.000e+00
7.608e-07 0.000e+00
7.603e-07 0.000e+00
7.598e-07 0.000e+00
7.593e-07 0.000e+00
7.588e-07 0.000e+00
7.583e-07 0.000e+00
7.578e-07 0.000e+00
7.573e-07 0.000e+00
7.568e-07 0.000e+00
7.563e-07 0.000e+00
7.558e-07 0.000e+00
7.553e-07 0.000e+00
7.548e-07 0.000e+00
7.543e-07 0.000e+00
7.538e-07 0.000e+00
7.533e-07 0.000e+00
7.528e-07 0.000e+00
7.523e-07 0.000e+00
7.518e-07 0.000e+00
7.513e-07 0.000e+00
7.508e-07 0.000e+00
7.503e-07 0.000e+00
7.498e-07 0.000e+00
7.493e-07 0.000e+00
7.488e-07 0.000e+00
7.483e-07 0.000e+00
7.478e-07 0.000e+00
7.473e-07 0.000e+00
7.468e-07 0.000e+00
7.463e-07 0.000e+00
7.458e-07 0.000e+00
7.453e-07 0.000e+00
7.448e-07 0.000e+00
7.443e-07 0.000e+00
7.438e-07 0.000e+00
7.433e-07 0.000e+00
7.428e-07 0.000e+00
7.423e-07 0.000e+00
7.418e-07 0.000e+00
7.413e-07 0.000e+00
7.408e-07 0.000e+00
7.403e-07 0.000e+00
7.398e-07 0.000e+00
7.393e-07 0.000e+00
7.388e-07 0.000e+00
7.383e-07 0.000e+00
7.378e-07 0.000e+00
7.373e-07 0.000e+00
7.368e-07 0.000e+00
7.363e-07 0.000e+00
7.357e-07 0.000e+00
7.352e-07 0.000e+00
7.347e-07 0.000e+00
7.342e-07 0.000e+00
7.337e-07 0.000e+00
7.332e-07 0.000e+00
7.327e-07 0.000e+00
7.322e-07 0.000e+00
7.317e-07 0.000e+00
7.312e-07 0.000e+00
7.307e-07 0.000e+00
7.302e-07 0.000e+00
7.297e-07 0.000e+00
7.292e-07 0.000e+00
7.287e-07 0.000e+00
7.282e-07 0.000e+00
7.277e-07 0.000e+00
7.272e-07 0.000e+00
7.267e-07 0.000e+00
7.262e-07 0.000e+00
7.257e-07 0.000e+00
7.252e-07 0.000e+00
7.247e-07 0.000e+00
7.242e-07 0.000e+00
7.237e-07 0.000e+00
7.232e-07 0.000e+00
7.227e-07 0.000e+00
7.222e-07 0.000e+00
7.217e-07 0.000e+00
7.212e-07 0.000e+00
7.207e-07 0.000e+00
7.202e-07 0.000e+00
7.197e-07 0.000e+00
7.192e-07 0.000e+00
7.187e-07 0.000e+00
7.182e-07 0.000e+00
7.177e-07 0.000e+00
7.172e-07 0.000e+00
7.167e-07 0.000e+00
7.162e-07 0.000e+00
7.157e-07 0.000e+00
7.152e-07 0.000e+00
7.147e-07 0.000e+00
7.142e-07 0.000e+00
7.137e-07 0.000e+00
7.132e-07 0.000e+00
7.127e-07 0.000e+00
7.122e-07 0.000e+00
7.117e-07 1.858e-13
7.112e-07 3.366e-13
7.107e-07 0.000e+00
7.102e-07 0.000e+00
7.097e-07 2.588e-12
7.092e-07 4.689e-12
7.087e-07 0.000e+00
7.082e-07 0.000e+00
7.077e-07 3.605e-11
7.072e-07 6.531e-11
7.067e-07 0.000e+00
7.062e-07 0.000e+00
7.057e-07 5.021e-10
7.052e-07 9.096e-10
7.047e-07 0.000e+00
7.042e-07 0.000e+00
7.037e-07 6.993e-09
7.032e-07 1.267e-08
7.027e-07 0.000e+00
7.022e-07 0.000e+00
7.017e-07 1.049e-07
7.012e-07 3.777e-07
7.007e-07 5.160e-07
7.002e-07 4.944e-07
6.997e-07 5.158e-07
6.992e-07 5.562e-07
6.987e-07 3.696e-07
6.982e-07 5.872e-08
6.977e-07 6.539e-08
6.972e-07 3.891e-07
6.967e-07 5.872e-07
6.962e-07 5.590e-07
6.957e-07 5.546e-07
6.952e-07 5.913e-07
6.947e-07 4.479e-07
6.942e-07 1.377e-07
6.937e-07 0.000e+00
6.932e-07 0.000e+00
6.927e-07 1.418e-07
6.922e-07 4.711e-07
6.917e-07 6.472e-07
6.912e-07 6.300e-07
6.907e-07 5.933e-07
6.902e-07 6.060e-07
6.897e-07 6.239e-07
6.892e-07 6.286e-07
6.887e-07 6.318e-07
6.882e-07 6.387e-07
6.877e-07 6.458e-07
6.872e-07 6.521e-07
6.867e-07 6.582e-07
6.862e-07 6.646e-07
6.857e-07 6.710e-07
6.852e-07 6.774e-07
6.847e-07 6.838e-07
6.842e-07 6.901e-07
6.837e-07 6.964e-07
6.832e-07 7.028e-07
6.827e-07 7.094e-07
6.822e-07 7.159e-07
6.817e-07 7.212e-07
6.812e-07 7.270e-07
6.807e-07 7.374e-07
6.802e-07 7.461e-07
6.797e-07 7.370e-07
6.792e-07 7.350e-07
6.787e-07 7.987e-07
6.782e-07 8.365e-07
6.777e-07 6.165e-07
6.772e-07 1.880e-07
6.767e-07 0.000e+00
6.762e-07 0.000e+00
6.757e-07 1.979e-07
6.752e-07 6.513e-07
6.747e-07 8.677e-07
6.742e-07 8.293e-07
6.737e-07 8.620e-07
6.732e-07 9.236e-07
6.727e-07 6.138e-07
6.722e-07 9.998e-08
6.717e-07 1.021e-07
6.712e-07 6.270e-07
6.707e-07 9.664e-07
6.702e-07 9.259e-07
6.697e-07 8.469e-07
6.692e-07 8.660e-07
6.687e-07 8.940e-07
6.682e-07 8.963e-07
6.677e-07 9.015e-07
6.672e-07 9.115e-07
6.667e-07 9.008e-07
6.662e-07 8.968e-07
6.657e-07 9.723e-07
6.652e-07 1.017e-06
6.647e-07 7.488e-07
6.642e-07 2.282e-07
6.637e-07 0.000e+00
6.632e-07 0.000e+00
6.627e-07 2.387e-07
6.621e-07 7.848e-07
6.616e-07 1.045e-06
6.611e-07 9.975e-07
6.606e-07 1.035e-06
6.601e-07 1.107e-06
6.596e-07 7.359e-07
6.591e-07 1.204e-07
6.586e-07 1.211e-07
6.581e-07 7.470e-07
6.576e-07 1.154e-06
6.571e-07 1.105e-06
6.566e-07 1.001e-06
6.561e-07 1.018e-06
6.556e-07 1.082e-06
6.551e-07 1.101e-06
6.546e-07 9.878e-07
6.541e-07 9.340e-07
6.536e-07 1.377e-06
6.531e-07 2.054e-06
6.526e-07 2.029e-06
6.521e-07 1.353e-06
6.516e-07 1.046e-06
6.511e-07 1.175e-06
6.506e-07 8.492e-07
6.501e-07 1.503e-07
6.496e-07 1.268e-07
6.491e-07 8.265e-07
6.486e-07 1.284e-06
6.481e-07 1.228e-06
6.476e-07 1.113e-06
6.471e-07 1.133e-06
6.466e-07 1.193e-06
6.461e-07 1.208e-06
6.456e-07 1.119e-06
6.451e-07 1.079e-06
6.446e-07 1.430e-06
6.441e-07 2.101e-06
6.436e-07 2.611e-06
6.431e-07 2.639e-06
6.426e-07 2.074e-06
6.421e-07 1.348e-06
6.416e-07 1.392e-06
6.411e-07 2.157e-06
6.406e-07 2.620e-06
6.401e-07 2.555e-06
6.396e-07 2.543e-06
6.391e-07 2.627e-06
6.386e-07 2.302e-06
6.381e-07 1.598e-06
6.376e-07 1.091e-06
6.371e-07 1.097e-06
6.366e-07 1.628e-06
6.361e-07 2.374e-06
6.356e-07 2.732e-06
6.351e-07 2.674e-06
6.346e-07 2.731e-06
6.341e-07 2.835e-06
6.336e-07 2.341e-06
6.331e-07 1.519e-06
6.326e-07 1.529e-06
6.321e-07 2.380e-06
6.316e-07 2.923e-06
6.311e-07 2.858e-06
6.306e-07 2.766e-06
6.301e-07 2.818e-06
6.296e-07 2.755e-06
6.291e-07 2.702e-06
6.286e-07 3.158e-06
6.281e-07 3.991e-06
6.276e-07 4.455e-06
6.271e-07 4.412e-06
6.266e-07 4.346e-06
6.261e-07 4.399e-06
6.256e-07 4.356e-06
6.251e-07 4.321e-06
6.246e-07 4.720e-06
6.241e-07 5.548e-06
6.236e-07 6.380e-06
6.231e-07 7.130e-06
6.226e-07 8.053e-06
6.221e-07 8.943e-06
6.216e-07 9.155e-06
6.211e-07 9.027e-06
6.206e-07 9.842e-06
6.201e-07 1.161e-05
6.196e-07 1.308e-05
6.191e-07 1.386e-05
6.186e-07 1.446e-05
6.181e-07 1.529e-05
6.176e-07 1.660e-05
6.171e-07 1.832e-05
6.166e-07 2.010e-05
6.161e-07 2.180e-05
6.156e-07 2.349e-05
6.151e-07 2.523e-05
6.146e-07 2.702e-05
6.141e-07 2.880e-05
6.136e-07 3.048e-05
6.131e-07 3.222e-05
6.126e-07 3.444e-05
6.121e-07 3.716e-05
6.116e-07 3.998e-05
6.111e-07 4.269e-05
6.106e-07 4.531e-05
6.101e-07 4.802e-05
6.096e-07 5.117e-05
6.091e-07 5.486e-05
6.086e-07 5.892e-05
6.081e-07 6.347e-05
6.076e-07 6.887e-05
6.071e-07 7.530e-05
6.066e-07 8.270e-05
6.061e-07 9.101e-05
6.056e-07 1.001e-04
6.051e-07 1.103e-04
6.046e-07 1.220e-04
6.041e-07 1.359e-04
6.036e-07 1.526e-04
6.031e-07 1.723e-04
6.026e-07 1.946e-04
6.021e-07 2.198e-04
6.016e-07 2.495e-04
6.011e-07 2.845e-04
6.006e-07 3.253e-04
6.001e-07 3.725e-04
5.996e-07 4.270e-04
5.991e-07 4.902e-04
5.986e-07 5.640e-04
5.981e-07 6.496e-04
5.976e-07 7.475e-04
5.971e-07 8.587e-04
5.966e-07 9.852e-04
5.961e-07 1.128e-03
5.956e-07 1.288e-03
5.951e-07 1.466e-03
5.946e-07 1.664e-03
5.941e-07 1.885e-03
5.936e-07 2.128e-03
5.931e-07 2.395e-03
5.926e-07 2.687e-03
5.921e-07 3.008e-03
5.916e-07 3.366e-03
5.911e-07 3.762e-03
5.906e-07 4.199e-03
5.901e-07 4.679e-03
5.896e-07 5.207e-03
5.891e-07 5.788e-03
5.885e-07 6.427e-03
5.880e-07 7.125e-03
5.875e-07 7.878e-03
5.870e-07 8.693e-03
5.865e-07 9.585e-03
5.860e-07 1.050e-02
5.855e-07 1.133e-02
5.850e-07 1.208e-02
5.845e-07 1.286e-02
5.840e-07 1.370e-02
5.835e-07 1.450e-02
5.830e-07 1.521e-02
5.825e-07 1.584e-02
5.820e-07 1.640e-02
5.815e-07 1.689e-02
5.810e-07 1.731e-02
5.805e-07 1.767e-02
5.800e-07 1.798e-02
5.795e-07 1.826e-02
5.790e-07 1.852e-02
5.785e-07 1.876e-02
5.780e-07 1.898e-02
5.775e-07 1.921e-02
5.770e-07 1.945e-02
5.765e-07 1.969e-02
5.760e-07 1.993e-02
5.755e-07 2.016e-02
5.750e-07 2.041e-02
5.745e-07 2.070e-02
5.740e-07 2.103e-02
5.735e-07 2.135e-02
5.730e-07 2.164e-02
5.725e-07 2.192e-02
5.720e-07 2.219e-02
5.715e-07 2.244e-02
5.710e-07 2.267e-02
5.705e-07 2.288e-02
5.700e-07 2.308e-02
5.695e-07 2.326e-02
5.690e-07 2.343e-02
5.685e-07 2.357e-02
5.680e-07 2.369e-02
5.675e-07 2.381e-02
5.670e-07 2.392e-02
5.665e-07 2.403e-02
5.660e-07 2.414e-02
5.655e-07 2.425e-02
5.650e-07 2.435e-02
5.645e-07 2.444e-02
5.640e-07 2.451e-02
5.635e-07 2.458e-02
5.630e-07 2.466e-02
5.625e-07 2.474e-02
5.620e-07 2.482e-02
5.615e-07 2.490e-02
5.610e-07 2.499e-02
5.605e-07 2.509e-02
5.600e-07 2.519e-02
5.595e-07 2.530e-02
5.590e-07 2.542e-02
5.585e-07 2.552e-02
5.580e-07 2.563e-02
5.575e-07 2.575e-02
5.570e-07 2.587e-02
5.565e-07 2.599e-02
5.560e-07 2.610e-02
5.555e-07 2.620e-02
5.550e-07 2.630e-02
5.545e-07 2.640e-02
5.540e-07 2.649e-02
5.535e-07 2.658e-02
5.530e-07 2.668e-02
5.525e-07 2.678e-02
5.520e-07 2.687e-02
5.515e-07 2.696e-02
5.510e-07 2.705e-02
5.505e-07 2.714e-02
5.500e-07 2.723e-02
5.495e-07 2.732e-02
5.490e-07 2.742e-02
5.485e-07 2.751e-02
5.480e-07 2.761e-02
5.475e-07 2.771e-02
5.470e-07 2.782e-02
5.465e-07 2.792e-02
5.460e-07 2.802e-02
5.455e-07 2.813e-02
5.450e-07 2.823e-02
5.445e-07 2.835e-02
5.440e-07 2.848e-02
5.435e-07 2.860e-02
5.430e-07 2.872e-02
5.425e-07 2.884e-02
5.420e-07 2.897e-02
5.415e-07 2.910e-02
5.410e-07 2.922e-02
5.405e-07 2.934e-02
5.400e-07 2.945e-02
5.395e-07 2.957e-02
5.390e-07 2.967e-02
5.385e-07 2.977e-02
5.380e-07 2.986e-02
5.375e-07 2.994e-02
5.370e-07 3.001e-02
5.365e-07 3.008e-02
5.360e-07 3.012e-02
5.355e-07 3.013e-02
5.350e-07 3.012e-02
5.345e-07 3.015e-02
5.340e-07 3.021e-02
5.335e-07 3.026e-02
5.330e-07 3.030e-02
5.325e-07 3.033e-02
5.320e-07 3.035e-02
5.315e-07 3.039e-02
5.310e-07 3.043e-02
5.305e-07 3.048e-02
5.300e-07 3.055e-02
5.295e-07 3.066e-02
5.290e-07 3.079e-02
5.285e-07 3.096e-02
5.280e-07 3.117e-02
5.275e-07 3.142e-02
5.270e-07 3.172e-02
5.265e-07 3.203e-02
5.260e-07 3.236e-02
5.255e-07 3.273e-02
5.250e-07 3.310e-02
5.245e-07 3.339e-02
5.240e-07 3.359e-02
5.235e-07 3.374e-02
5.230e-07 3.385e-02
5.225e-07 3.391e-02
5.220e-07 3.390e-02
5.215e-07 3.382e-02
5.210e-07 3.367e-02
5.205e-07 3.343e-02
5.200e-07 3.311e-02
5.195e-07 3.273e-02
5.190e-07 3.230e-02
5.185e-07 3.181e-02
5.180e-07 3.127e-02
5.175e-07 3.070e-02
5.170e-07 3.011e-02
5.165e-07 2.951e-02
5.160e-07 2.891e-02
5.155e-07 2.829e-02
5.149e-07 2.767e-02
5.144e-07 2.710e-02
5.139e-07 2.656e-02
5.134e-07 2.601e-02
5.129e-07 2.543e-02
5.124e-07 2.482e-02
5.119e-07 2.417e-02
5.114e-07 2.346e-02
5.109e-07 2.268e-02
5.104e-07 2.181e-02
5.099e-07 2.085e-02
5.094e-07 1.979e-02
5.089e-07 1.864e-02
5.084e-07 1.740e-02
5.079e-07 1.608e-02
5.074e-07 1.470e-02
5.069e-07 1.331e-02
5.064e-07 1.192e-02
5.059e-07 1.058e-02
5.054e-07 9.297e-03
5.049e-07 8.103e-03
5.044e-07 7.017e-03
5.039e-07 6.047e-03
5.034e-07 5.190e-03
5.029e-07 4.439e-03
5.024e-07 3.788e-03
5.019e-07 3.228e-03
5.014e-07 2.754e-03
5.009e-07 2.355e-03
5.004e-07 2.018e-03
4.999e-07 1.733e-03
4.994e-07 1.492e-03
4.989e-07 1.289e-03
4.984e-07 1.118e-03
4.979e-07 9.717e-04
4.974e-07 8.471e-04
4.969e-07 7.407e-04
4.964e-07 6.511e-04
4.959e-07 5.753e-04
4.954e-07 5.092e-04
4.949e-07 4.509e-04
4.944e-07 4.006e-04
4.939e-07 3.578e-04
4.934e-07 3.212e-04
4.929e-07 2.892e-04
4.924e-07 2.600e-04
4.919e-07 2.339e-04
4.914e-07 2.128e-04
4.909e-07 1.960e-04
4.904e-07 1.802e-04
4.899e-07 1.648e-04
4.894e-07 1.517e-04
4.889e-07 1.412e-04
4.884e-07 1.313e-04
4.879e-07 1.224e-04
4.874e-07 1.164e-04
4.869e-07 1.126e-04
4.864e-07 1.075e-04
4.859e-07 1.006e-04
4.854e-07 9.455e-05
4.849e-07 9.032e-05
4.844e-07 8.725e-05
4.839e-07 8.511e-05
4.834e-07 8.422e-05
4.829e-07 8.442e-05
4.824e-07 8.512e-05
4.819e-07 8.540e-05
4.814e-07 8.412e-05
4.809e-07 8.173e-05
4.804e-07 8.027e-05
4.799e-07 8.048e-05
4.794e-07 8.173e-05
4.789e-07 8.402e-05
4.784e-07 8.794e-05
4.779e-07 9.284e-05
4.774e-07 9.683e-05
4.769e-07 9.918e-05
4.764e-07 1.003e-04
4.759e-07 1.005e-04
4.754e-07 9.955e-05
4.749e-07 9.743e-05
4.744e-07 9.403e-05
4.739e-07 9.001e-05
4.734e-07 8.661e-05
4.729e-07 8.299e-05
4.724e-07 7.635e-05
4.719e-07 6.696e-05
4.714e-07 5.817e-05
4.709e-07 5.144e-05
4.704e-07 4.619e-05
4.699e-07 4.172e-05
4.694e-07 3.731e-05
4.689e-07 3.260e-05
4.684e-07 2.756e-05
4.679e-07 2.258e-05
4.674e-07 1.849e-05
4.669e-07 1.598e-05
4.664e-07 1.558e-05
4.659e-07 1.607e-05
4.654e-07 1.466e-05
4.649e-07 1.165e-05
4.644e-07 1.041e-05
4.639e-07 1.089e-05
4.634e-07 9.645e-06
4.629e-07 6.551e-06
4.624e-07 4.801e-06
4.619e-07 5.069e-06
4.614e-07 5.421e-06
4.609e-07 5.299e-06
4.604e-07 5.579e-06
4.599e-07 5.818e-06
4.594e-07 4.284e-06
4.589e-07 1.292e-06
4.584e-07 0.000e+00
4.579e-07 0.000e+00
4.574e-07 1.227e-06
4.569e-07 4.163e-06
4.564e-07 6.131e-06
4.559e-07 6.136e-06
4.554e-07 4.166e-06
4.549e-07 1.223e-06
4.544e-07 0.000e+00
4.539e-07 0.000e+00
4.534e-07 1.238e-06
4.529e-07 4.239e-06
4.524e-07 6.272e-06
4.519e-07 6.299e-06
4.514e-07 4.298e-06
4.509e-07 1.275e-06
4.504e-07 0.000e+00
4.499e-07 0.000e+00
4.494e-07 1.388e-06
4.489e-07 4.582e-06
4.484e-07 6.101e-06
4.479e-07 5.808e-06
4.474e-07 6.014e-06
4.469e-07 6.428e-06
4.464e-07 4.231e-06
4.459e-07 6.439e-07
4.454e-07 8.086e-07
4.449e-07 4.501e-06
4.444e-07 6.186e-06
4.439e-07 5.541e-06
4.434e-07 7.442e-06
4.429e-07 1.128e-05
4.424e-07 1.102e-05
4.419e-07 7.111e-06
4.413e-07 6.514e-06
4.408e-07 1.026e-05
4.403e-07 1.330e-05
4.398e-07 1.327e-05
4.393e-07 1.074e-05
4.388e-07 7.378e-06
4.383e-07 5.643e-06
4.378e-07 5.902e-06
4.373e-07 6.416e-06
4.368e-07 6.401e-06
4.363e-07 6.133e-06
4.358e-07 6.079e-06
4.353e-07 6.785e-06
4.348e-07 7.159e-06
4.343e-07 4.651e-06
4.338e-07 7.436e-07
4.333e-07 7.819e-07
4.328e-07 4.708e-06
4.323e-07 7.077e-06
4.318e-07 6.653e-06
4.313e-07 6.520e-06
4.308e-07 6.895e-06
4.303e-07 5.069e-06
4.298e-07 1.410e-06
4.293e-07 0.000e+00
4.288e-07 0.000e+00
4.283e-07 1.704e-07
4.278e-07 9.410e-08
4.273e-07 0.000e+00
4.268e-07 0.000e+00
4.263e-07 1.276e-08
4.258e-07 7.714e-09
4.253e-07 0.000e+00
4.248e-07 0.000e+00
4.243e-07 8.273e-09
4.238e-07 1.388e-08
4.233e-07 0.000e+00
4.228e-07 0.000e+00
4.223e-07 1.031e-07
4.218e-07 1.866e-07
4.213e-07 0.000e+00
4.208e-07 0.000e+00
4.203e-07 1.537e-06
4.198e-07 5.371e-06
4.193e-07 6.764e-06
4.188e-07 6.128e-06
4.183e-07 8.226e-06
4.178e-07 1.238e-05
4.173e-07 1.252e-05
4.168e-07 8.452e-06
4.163e-07 5.865e-06
4.158e-07 6.272e-06
4.153e-07 6.824e-06
4.148e-07 6.662e-06
4.143e-07 7.024e-06
4.138e-07 7.344e-06
4.133e-07 5.289e-06
4.128e-07 1.459e-06
4.123e-07 0.000e+00
4.118e-07 0.000e+00
4.113e-07 1.761e-07
4.108e-07 9.720e-08
4.103e-07 0.000e+00
4.098e-07 0.000e+00
4.093e-07 1.264e-08
4.088e-07 6.978e-09
4.083e-07 0.000e+00
4.078e-07 0.000e+00
4.073e-07 9.077e-10
4.068e-07 5.010e-10
4.063e-07 0.000e+00
4.058e-07 0.000e+00
4.053e-07 6.517e-11
4.048e-07 3.597e-11
4.043e-07 0.000e+00
4.038e-07 0.000e+00
4.033e-07 4.679e-12
4.028e-07 2.583e-12
4.023e-07 0.000e+00
4.018e-07 0.000e+00
4.013e-07 3.359e-13
4.008e-07 1.854e-13
4.003e-07 0.000e+00
3.998e-07 0.000e+00
3.993e-07 0.000e+00
3.988e-07 0.000e+00
3.983e-07 0.000e+00
3.978e-07 0.000e+00
3.973e-07 0.000e+00
3.968e-07 0.000e+00
3.963e-07 0.000e+00
3.958e-07 0.000e+00
3.953e-07 0.000e+00
3.948e-07 0.000e+00
3.943e-07 0.000e+00
3.938e-07 0.000e+00
3.933e-07 0.000e+00
3.928e-07 0.000e+00
3.923e-07 0.000e+00
3.918e-07 0.000e+00
3.913e-07 4.068e-13
3.908e-07 7.370e-13
3.903e-07 0.000e+00
3.898e-07 0.000e+00
3.893e-07 5.665e-12
3.888e-07 1.026e-11
3.883e-07 0.000e+00
3.878e-07 0.000e+00
3.873e-07 7.891e-11
3.868e-07 1.430e-10
3.863e-07 0.000e+00
3.858e-07 0.000e+00
3.853e-07 1.099e-09
3.848e-07 1.991e-09
3.843e-07 0.000e+00
3.838e-07 0.000e+00
3.833e-07 1.531e-08
3.828e-07 2.773e-08
3.823e-07 0.000e+00
3.818e-07 0.000e+00
3.813e-07 2.132e-07
3.808e-07 3.863e-07
3.803e-07 0.000e+00
3.798e-07 0.000e+00
3.793e-07 3.324e-06
3.788e-07 1.494e-05
3.783e-07 3.117e-05
3.778e-07 4.729e-05
3.773e-07 5.659e-05
3.768e-07 5.952e-05
3.763e-07 6.350e-05
3.758e-07 6.849e-05
3.753e-07 6.704e-05
3.748e-07 5.863e-05
3.743e-07 4.976e-05
3.738e-07 4.241e-05
3.733e-07 3.391e-05
3.728e-07 2.551e-05
3.723e-07 2.230e-05
3.718e-07 2.324e-05
3.713e-07 2.127e-05
3.708e-07 1.645e-05
3.703e-07 1.595e-05
3.698e-07 2.053e-05
3.693e-07 2.438e-05
3.688e-07 2.437e-05
3.683e-07 2.042e-05
3.677e-07 1.577e-05
3.672e-07 1.655e-05
3.667e-07 2.148e-05
3.662e-07 2.206e-05
3.657e-07 1.734e-05
3.652e-07 1.404e-05
3.647e-07 1.437e-05
3.642e-07 1.579e-05
3.637e-07 1.600e-05
3.632e-07 1.327e-05
3.627e-07 8.924e-06
3.622e-07 7.172e-06
3.617e-07 7.786e-06
3.612e-07 6.167e-06
3.607e-07 1.901e-06
3.602e-07 0.000e+00
3.597e-07 0.000e+00
3.592e-07 1.706e-06
3.587e-07 5.755e-06
3.582e-07 8.506e-06
3.577e-07 8.526e-06
3.572e-07 5.614e-06
3.567e-07 1.454e-06
3.562e-07 0.000e+00
3.557e-07 0.000e+00
3.552e-07 0.000e+00
3.547e-07 0.000e+00
3.542e-07 1.397e-06
3.537e-07 5.487e-06
3.532e-07 8.607e-06
3.527e-07 8.703e-06
3.522e-07 5.066e-06
3.517e-07 5.742e-07
3.512e-07 1.311e-06
3.507e-07 6.089e-06
3.502e-07 6.631e-06
3.497e-07 2.069e-06
3.492e-07 0.000e+00
3.487e-07 0.000e+00
3.482e-07 2.541e-07
3.477e-07 1.400e-07
3.472e-07 0.000e+00
3.467e-07 0.000e+00
3.462e-07 1.566e-08
3.457e-07 5.380e-09
3.452e-07 4.786e-09
3.447e-07 1.483e-08
3.442e-07 0.000e+00
3.437e-07 0.000e+00
3.432e-07 1.344e-07
3.427e-07 2.440e-07
3.422e-07 0.000e+00
3.417e-07 0.000e+00
3.412e-07 1.993e-06
3.407e-07 6.528e-06
3.402e-07 6.543e-06
3.397e-07 2.014e-06
3.392e-07 0.000e+00
3.387e-07 0.000e+00
3.382e-07 3.829e-07
3.377e-07 3.855e-07
3.372e-07 0.000e+00
3.367e-07 0.000e+00
3.362e-07 2.063e-06
3.357e-07 6.707e-06
3.352e-07 6.705e-06
3.347e-07 2.059e-06
3.342e-07 0.000e+00
3.337e-07 0.000e+00
3.332e-07 3.628e-07
3.327e-07 3.417e-07
3.322e-07 0.000e+00
3.317e-07 0.000e+00
3.312e-07 1.702e-06
3.307e-07 6.083e-06
3.302e-07 8.320e-06
3.297e-07 7.909e-06
3.292e-07 7.880e-06
3.287e-07 8.287e-06
3.282e-07 6.196e-06
3.277e-07 1.877e-06
3.272e-07 0.000e+00
3.267e-07 0.000e+00
3.262e-07 1.760e-06
3.257e-07 5.973e-06
3.252e-07 8.843e-06
3.247e-07 8.873e-06
3.242e-07 5.885e-06
3.237e-07 1.567e-06
3.232e-07 0.000e+00
3.227e-07 0.000e+00
3.222e-07 1.881e-07
3.217e-07 1.038e-07
3.212e-07 0.000e+00
3.207e-07 0.000e+00
3.202e-07 1.350e-08
3.197e-07 7.454e-09
3.192e-07 0.000e+00
3.187e-07 0.000e+00
3.182e-07 9.695e-10
3.177e-07 5.350e-10
3.172e-07 0.000e+00
3.167e-07 0.000e+00
3.162e-07 6.849e-11
3.157e-07 3.640e-11
3.152e-07 0.000e+00
3.147e-07 0.000e+00
3.142e-07 0.000e+00
3.137e-07 0.000e+00
3.132e-07 5.667e-11
3.127e-07 1.044e-10
3.122e-07 0.000e+00
3.117e-07 0.000e+00
3.112e-07 8.079e-10
3.107e-07 1.464e-09
3.102e-07 0.000e+00
3.097e-07 0.000e+00
3.092e-07 1.125e-08
3.087e-07 2.039e-08
3.082e-07 0.000e+00
3.077e-07 0.000e+00
3.072e-07 1.568e-07
3.067e-07 2.840e-07
3.062e-07 0.000e+00
3.057e-07 0.000e+00
3.052e-07 2.318e-06
3.047e-07 7.586e-06
3.042e-07 7.586e-06
3.037e-07 2.318e-06
3.032e-07 0.000e+00
3.027e-07 0.000e+00
3.022e-07 2.840e-07
3.017e-07 1.568e-07
3.012e-07 0.000e+00
3.007e-07 0.000e+00
3.002e-07 2.039e-08
2.997e-07 1.125e-08
2.992e-07 0.000e+00
2.987e-07 0.000e+00
2.982e-07 1.464e-09
2.977e-07 8.080e-10
2.972e-07 0.000e+00
2.967e-07 0.000e+00
2.962e-07 1.051e-10
2.957e-07 5.801e-11
2.952e-07 0.000e+00
2.947e-07 0.000e+00
2.941e-07 7.546e-12
2.936e-07 4.165e-12
2.931e-07 0.000e+00
2.926e-07 0.000e+00
2.921e-07 5.418e-13
2.916e-07 2.990e-13
2.911e-07 0.000e+00
2.906e-07 0.000e+00
2.901e-07 0.000e+00
2.896e-07 0.000e+00
2.891e-07 0.000e+00
2.886e-07 0.000e+00
2.881e-07 0.000e+00
2.876e-07 0.000e+00
2.871e-07 0.000e+00
2.866e-07 0.000e+00
2.861e-07 0.000e+00
2.856e-07 0.000e+00
2.851e-07 0.000e+00
2.846e-07 0.000e+00
2.841e-07 0.000e+00
2.836e-07 0.000e+00
2.831e-07 0.000e+00
2.826e-07 0.000e+00
2.821e-07 0.000e+00
2.816e-07 0.000e+00
2.811e-07 0.000e+00
2.806e-07 0.000e+00
2.801e-07 0.000e+00
2.796e-07 0.000e+00
2.791e-07 0.000e+00
2.786e-07 0.000e+00
2.781e-07 0.000e+00
2.776e-07 0.000e+00
2.771e-07 0.000e+00
2.766e-07 0.000e+00
2.761e-07 0.000e+00
2.756e-07 0.000e+00
2.751e-07 0.000e+00
2.746e-07 0.000e+00
2.741e-07 0.000e+00
2.736e-07 0.000e+00
2.731e-07 0.000e+00
2.726e-07 0.000e+00
2.721e-07 0.000e+00
2.716e-07 0.000e+00
2.711e-07 0.000e+00
2.706e-07 0.000e+00
2.701e-07 0.000e+00
2.696e-07 0.000e+00
2.691e-07 0.000e+00
2.686e-07 0.000e+00
2.681e-07 0.000e+00
2.676e-07 0.000e+00
2.671e-07 0.000e+00
2.666e-07 0.000e+00
2.661e-07 0.000e+00
2.656e-07 0.000e+00
2.651e-07 0.000e+00
2.646e-07 0.000e+00
2.641e-07 0.000e+00
2.636e-07 0.000e+00
2.631e-07 0.000e+00
2.626e-07 0.000e+00
2.621e-07 0.000e+00
2.616e-07 0.000e+00
2.611e-07 0.000e+00
2.606e-07 0.000e+00
2.601e-07 0.000e+00
2.596e-07 0.000e+00
2.591e-07 0.000e+00
2.586e-07 0.000e+00
2.581e-07 0.000e+00
2.576e-07 0.000e+00
2.571e-07 0.000e+00
2.566e-07 0.000e+00
2.561e-07 0.000e+00
2.556e-07 0.000e+00
2.551e-07 0.000e+00
2.546e-07 0.000e+00
2.541e-07 0.000e+00
2.536e-07 0.000e+00
2.531e-07 0.000e+00
2.526e-07 0.000e+00
2.521e-07 0.000e+00
2.516e-07 0.000e+00
2.511e-07 0.000e+00
2.506e-07 0.000e+00
2.501e-07 0.000e+00
2.496e-07 0.000e+00
2.491e-07 0.000e+00
2.486e-07 0.000e+00
2.481e-07 0.000e+00
2.476e-07 0.000e+00
2.471e-07 0.000e+00
2.466e-07 0.000e+00
2.461e-07 0.000e+00
2.456e-07 0.000e+00
2.451e-07 0.000e+00
2.446e-07 0.000e+00
2.441e-07 0.000e+00
2.436e-07 0.000e+00
2.431e-07 0.000e+00
2.426e-07 0.000e+00
2.421e-07 0.000e+00
2.416e-07 0.000e+00
2.411e-07 0.000e+00
2.406e-07 0.000e+00
2.401e-07 2.689e-13
2.396e-07 4.872e-13
2.391e-07 0.000e+00
2.386e-07 0.000e+00
2.381e-07 3.746e-12
2.376e-07 6.786e-12
2.371e-07 0.000e+00
2.366e-07 0.000e+00
2.361e-07 5.217e-11
2.356e-07 9.451e-11
2.351e-07 0.000e+00
2.346e-07 0.000e+00
2.341e-07 7.267e-10
2.336e-07 1.316e-09
2.331e-07 0.000e+00
2.326e-07 0.000e+00
2.321e-07 1.012e-08
2.316e-07 1.833e-08
2.311e-07 0.000e+00
2.306e-07 0.000e+00
2.301e-07 1.410e-07
2.296e-07 2.554e-07
2.291e-07 0.000e+00
2.286e-07 0.000e+00
2.281e-07 2.085e-06
2.276e-07 6.827e-06
2.271e-07 6.842e-06
2.266e-07 2.106e-06
2.261e-07 0.000e+00
2.256e-07 0.000e+00
2.251e-07 4.013e-07
2.246e-07 4.048e-07
2.241e-07 0.000e+00
2.236e-07 0.000e+00
2.231e-07 2.170e-06
2.226e-07 7.052e-06
2.221e-07 7.037e-06
2.216e-07 2.149e-06
2.211e-07 0.000e+00
2.205e-07 0.000e+00
2.200e-07 2.632e-07
2.195e-07 1.453e-07
2.190e-07 0.000e+00
2.185e-07 0.000e+00
2.180e-07 1.890e-08
2.175e-07 1.043e-08
2.170e-07 0.000e+00
2.165e-07 0.000e+00
2.160e-07 1.357e-09
2.155e-07 7.490e-10
2.150e-07 0.000e+00
2.145e-07 0.000e+00
2.140e-07 9.743e-11
2.135e-07 5.377e-11
2.130e-07 0.000e+00
2.125e-07 0.000e+00
2.120e-07 6.995e-12
2.115e-07 3.861e-12
2.110e-07 0.000e+00
2.105e-07 0.000e+00
2.100e-07 5.022e-13
2.095e-07 2.772e-13
2.090e-07 0.000e+00
2.085e-07 0.000e+00
2.080e-07 0.000e+00
2.075e-07 0.000e+00
2.070e-07 0.000e+00
2.065e-07 0.000e+00
2.060e-07 0.000e+00
2.055e-07 0.000e+00
2.050e-07 0.000e+00
2.045e-07 0.000e+00
2.040e-07 0.000e+00
2.035e-07 0.000e+00
2.030e-07 0.000e+00
2.025e-07 0.000e+00
2.020e-07 0.000e+00
2.015e-07 0.000e+00
2.010e-07 0.000e+00
2.005e-07 0.000e+00
2.000e-07 0.000e+00
1.995e-07 0.000e+00
1.990e-07 0.000e+00
1.985e-07 0.000e+00
1.980e-07 0.000e+00
1.975e-07 0.000e+00
1.970e-07 0.000e+00
1.965e-07 0.000e+00
1.960e-07 0.000e+00
1.955e-07 0.000e+00
1.950e-07 0.000e+00
1.945e-07 0.000e+00
1.940e-07 0.000e+00
1.935e-07 0.000e+00
1.930e-07 0.000e+00
1.925e-07 0.000e+00
1.920e-07 0.000e+00
1.915e-07 0.000e+00
1.910e-07 0.000e+00
1.905e-07 0.000e+00
1.900e-07 0.000e+00
1.895e-07 0.000e+00
1.890e-07 0.000e+00
1.885e-07 0.000e+00
1.880e-07 0.000e+00
1.875e-07 0.000e+00
1.870e-07 0.000e+00
1.865e-07 0.000e+00
1.860e-07 0.000e+00
1.855e-07 0.000e+00
1.850e-07 0.000e+00
1.845e-07 0.000e+00
1.840e-07 0.000e+00
1.835e-07 0.000e+00
1.830e-07 0.000e+00
1.825e-07 0.000e+00
1.820e-07 0.000e+00
1.815e-07 0.000e+00
1.810e-07 0.000e+00
1.805e-07 0.000e+00
1.800e-07 0.000e+00
1.795e-07 0.000e+00
1.790e-07 0.000e+00
1.785e-07 0.000e+00
1.780e-07 0.000e+00
1.775e-07 0.000e+00
1.770e-07 0.000e+00
1.765e-07 0.000e+00
1.760e-07 0.000e+00
1.755e-07 0.000e+00
1.750e-07 0.000e+00
1.745e-07 0.000e+00
1.740e-07 0.000e+00
1.735e-07 0.000e+00
1.730e-07 0.000e+00
1.725e-07 0.000e+00
1.720e-07 0.000e+00
1.715e-07 0.000e+00
1.710e-07 0.000e+00
1.705e-07 0.000e+00
1.700e-07 0.000e+00
1.695e-07 0.000e+00
1.690e-07 0.000e+00
1.685e-07 0.000e+00
1.680e-07 0.000e+00
1.675e-07 0.000e+00
1.670e-07 0.000e+00
1.665e-07 0.000e+00
1.660e-07 0.000e+00
1.655e-07 0.000e+00
1.650e-07 0.000e+00
1.645e-07 0.000e+00
1.640e-07 0.000e+00
1.635e-07 0.000e+00
1.630e-07 0.000e+00
1.625e-07 0.000e+00
1.620e-07 0.000e+00
1.615e-07 0.000e+00
1.610e-07 0.000e+00
1.605e-07 0.000e+00
1.600e-07 0.000e+00