2.53e-06 7.881E-16
2.54e-06 2.569E-15
2.55e-06 4.239E-14
2.56e-06 4.248E-15
2.57e-06 2.295E-15
2.58e-06 1.714E-14
2.59e-06 2.360E-18
2.6e-06 6.839E-15
2.61e-06 1.051E-14
2.62e-06 2.846E-14
2.63e-06 1.439E-14
2.64e-06 3.569E-15
2.65e-06 6.334E-15
2.66e-06 3.919E-16
2.67e-06 1.584E-14
2.68e-06 1.230E-14
2.69e-06 1.676E-14
2.7e-06 9.608E-15
2.71e-06 4.714E-15
2.72e-06 7.747E-15
2.73e-06 8.743E-14
2.74e-06 1.754E-14
2.75e-06 1.335E-14
2.76e-06 2.017E-13
2.77e-06 1.213E-14
2.78e-06 1.575E-14
2.79e-06 6.245E-16
2.8e-06 3.361E-16
2.81e-06 6.194E-17
2.82e-06 1.819E-15
2.83e-06 2.308E-15
2.84e-06 2.080E-14
2.85e-06 8.315E-15
2.86e-06 3.115E-15
2.87e-06 2.756E-15
2.88e-06 2.809E-15
2.89e-06 3.048E-14
2.9e-06 3.320E-14
2.91e-06 1.475E-13
2.92e-06 9.895E-16
2.93e-06 2.820E-14
2.94e-06 2.226E-14
2.95e-06 2.071E-14
2.96e-06 3.718E-15
2.97e-06 2.146E-15
2.98e-06 3.079E-16
2.99e-06 1.568E-13
3e-06 3.864E-13
3.01e-06 1.768E-15
3.02e-06 3.508E-14
3.03e-06 1.697E-14
3.04e-06 2.113E-15
3.05e-06 2.988E-14
3.06e-06 3.922E-16
3.07e-06 1.305E-14
3.08e-06 1.667E-12
3.09e-06 1.655E-12
3.1e-06 1.020E-14
3.11e-06 4.239E-14
3.12e-06 2.522E-14
3.13e-06 6.590E-16
3.14e-06 1.006E-14
3.15e-06 4.248E-15
3.16e-06 6.499E-15
3.17e-06 4.209E-14
3.18e-06 8.015E-14
3.19e-06 9.559E-15
3.2e-06 2.432E-14
3.21e-06 4.385E-15
3.22e-06 3.762E-14
3.23e-06 7.531E-14
3.24e-06 1.204E-14
3.25e-06 7.082E-15
3.26e-06 2.600E-14
3.27e-06 1.120E-13
3.28e-06 2.380E-14
3.29e-06 4.367E-14
3.3e-06 2.468E-14
3.31e-06 6.965E-14
3.32e-06 2.205E-13
3.33e-06 2.034E-13
3.34e-06 2.752E-14
3.35e-06 5.893E-14
3.36e-06 7.243E-15
3.37e-06 1.854E-13
3.38e-06 3.233E-14
3.39e-06 1.662E-14
3.4e-06 4.203E-14
3.41e-06 3.925E-14
3.42e-06 1.900E-14
3.43e-06 3.699E-17
3.44e-06 1.960E-14
3.45e-06 3.648E-14
3.46e-06 1.093E-14
3.47e-06 1.496E-14
3.48e-06 2.542E-13
3.49e-06 1.543E-14
3.5e-06 1.305E-13
3.51e-06 1.778E-13
3.52e-06 4.180E-14
3.53e-06 4.653E-13
3.54e-06 2.543E-14
3.55e-06 1.553E-13
3.56e-06 6.269E-13
3.57e-06 5.781E-15
3.58e-06 5.123E-14
3.59e-06 3.433E-15
3.6e-06 7.908E-14
3.61e-06 1.911E-14
3.62e-06 8.563E-14
3.63e-06 1.502E-12
3.64e-06 3.744E-14
3.65e-06 2.618E-12
3.66e-06 1.334E-12
3.67e-06 2.019E-12
3.68e-06 4.074E-12
3.69e-06 1.370E-12
3.7e-06 2.669E-15
3.71e-06 1.756E-14
3.72e-06 9.076E-15
3.73e-06 7.329E-14
3.74e-06 1.165E-12
3.75e-06 2.875E-14
3.76e-06 1.550E-14
3.77e-06 7.578E-14
3.78e-06 8.766E-13
3.79e-06 7.586E-14
3.8e-06 2.743E-13
3.81e-06 2.055E-12
3.82e-06 5.524E-14
3.83e-06 3.387E-15
3.84e-06 1.749E-12
3.85e-06 1.163E-13
3.86e-06 9.348E-13
3.87e-06 4.598E-14
3.88e-06 1.163E-12
3.89e-06 2.358E-14
3.9e-06 3.281E-14
3.91e-06 1.635E-14
3.92e-06 2.442E-14
3.93e-06 9.823E-13
3.94e-06 1.558E-13
3.95e-06 1.340E-12
3.96e-06 1.856E-12
3.97e-06 1.027E-13
3.98e-06 8.941E-14
3.99e-06 4.391E-13
4e-06 1.324E-13
4.01e-06 5.650E-13
4.02e-06 2.837E-14
4.03e-06 2.561E-13
4.04e-06 1.681E-12
4.05e-06 2.498E-15
4.06e-06 1.014E-13
4.07e-06 1.699E-14
4.08e-06 1.824E-13
4.09e-06 4.371E-13
4.1e-06 5.179E-13
4.11e-06 1.594E-14
4.12e-06 2.314E-13
4.13e-06 2.656E-14
4.14e-06 1.570E-14
4.15e-06 3.399E-13
4.16e-06 1.939E-13
4.17e-06 1.544E-14
4.18e-06 5.167E-14
4.19e-06 7.325E-14
4.2e-06 3.341E-14
4.21e-06 7.784E-13
4.22e-06 8.746E-14
4.23e-06 6.948E-13
4.24e-06 1.384E-14
4.25e-06 8.174E-13
4.26e-06 5.000E-13
4.27e-06 6.165E-13
4.28e-06 2.025E-13
4.29e-06 2.248E-13
4.3e-06 2.233E-14
4.31e-06 9.104E-13
4.32e-06 8.079E-13
4.33e-06 6.019E-15
4.34e-06 4.916E-13
4.35e-06 1.016E-12
4.36e-06 6.785E-14
4.37e-06 2.168E-13
4.38e-06 1.159E-13
4.39e-06 3.107E-14
4.4e-06 8.764E-13
4.41e-06 2.337E-12
4.42e-06 8.609E-14
4.43e-06 1.381E-12
4.44e-06 3.351E-12
4.45e-06 4.077E-13
4.46e-06 2.250E-13
4.47e-06 1.447E-13
4.48e-06 5.122E-14
4.49e-06 1.469E-13
4.5e-06 1.213E-13
4.51e-06 1.456E-13
4.52e-06 1.822E-13
4.53e-06 2.083E-12
4.54e-06 1.237E-12
4.55e-06 3.622E-14
4.56e-06 3.862E-12
4.57e-06 2.748E-13
4.58e-06 2.075E-13
4.59e-06 1.405E-13
4.6e-06 2.944E-12
4.61e-06 2.392E-12
4.62e-06 2.962E-13
4.63e-06 2.420E-12
4.64e-06 4.177E-12
4.65e-06 3.011E-14
4.66e-06 3.443E-15
4.67e-06 2.757E-14
4.68e-06 2.291E-12
4.69e-06 1.163E-13
4.7e-06 1.381E-13
4.71e-06 9.779E-14
4.72e-06 4.176E-14
4.73e-06 4.826E-14
4.74e-06 2.152E-14
4.75e-06 9.154E-13
4.76e-06 1.865E-13
4.77e-06 5.911E-14
4.78e-06 1.742E-12
4.79e-06 1.350E-13
4.8e-06 1.242E-13
4.81e-06 1.021E-13
4.82e-06 4.280E-12
4.83e-06 1.574E-14
4.84e-06 1.514E-12
4.85e-06 5.620E-12
4.86e-06 4.841E-12
4.87e-06 2.116E-13
4.88e-06 3.672E-13
4.89e-06 4.443E-13
4.9e-06 8.335E-14
4.91e-06 9.692E-14
4.92e-06 1.004E-13
4.93e-06 7.430E-12
4.94e-06 5.981E-12
4.95e-06 5.799E-12
4.96e-06 1.227E-11
4.97e-06 1.786E-11
4.98e-06 1.151E-11
4.99e-06 2.274E-13
5e-06 1.781E-11
5.01e-06 1.094E-11
5.02e-06 7.100E-12
5.03e-06 2.239E-12
5.04e-06 5.988E-12
5.05e-06 1.045E-10
5.06e-06 1.881E-10
5.07e-06 1.288E-11
5.08e-06 2.693E-11
5.09e-06 1.131E-11
5.1e-06 1.081E-10
5.11e-06 5.374E-08
5.12e-06 5.282E-08
5.13e-06 5.672E-08
5.14e-06 4.036E-08
5.15e-06 4.115E-08
5.16e-06 3.799E-08
5.17e-06 3.526E-08
5.18e-06 3.261E-08
5.19e-06 4.859E-08
5.2e-06 4.647E-08
5.21e-06 3.574E-08
5.22e-06 3.056E-08
5.23e-06 3.124E-08
5.24e-06 3.269E-08
5.25e-06 4.826E-08
5.26e-06 3.990E-08
5.27e-06 4.060E-08
5.28e-06 4.437E-08
5.29e-06 5.022E-08
5.3e-06 4.027E-08
5.31e-06 5.383E-08
5.32e-06 5.773E-08
5.33e-06 6.049E-08
5.34e-06 5.459E-08
5.35e-06 5.656E-08
5.36e-06 3.697E-08
5.37e-06 4.265E-08
5.38e-06 5.231E-08
5.39e-06 5.364E-08
5.4e-06 5.302E-08
5.41e-06 5.353E-08
5.42e-06 4.134E-08
5.43e-06 3.768E-08
5.44e-06 5.099E-08
5.45e-06 6.304E-08
5.46e-06 6.161E-08
5.47e-06 6.960E-08
5.48e-06 7.167E-08
5.49e-06 6.998E-08
5.5e-06 7.024E-08
5.51e-06 7.112E-08
5.52e-06 7.209E-08
5.53e-06 7.247E-08
5.54e-06 7.191E-08
5.55e-06 7.223E-08
5.56e-06 7.243E-08
5.57e-06 7.253E-08
5.58e-06 7.268E-08
5.59e-06 7.172E-08
5.6e-06 7.139E-08
5.61e-06 7.079E-08
5.62e-06 7.244E-08
5.63e-06 7.253E-08
5.64e-06 7.072E-08
5.65e-06 6.998E-08
5.66e-06 6.911E-08
5.67e-06 6.902E-08
5.68e-06 6.760E-08
5.69e-06 6.554E-08
5.7e-06 6.512E-08
5.71e-06 6.710E-08
5.72e-06 6.579E-08
5.73e-06 6.570E-08
5.74e-06 6.797E-08
5.75e-06 7.022E-08
5.76e-06 7.159E-08
5.77e-06 7.197E-08
5.78e-06 7.066E-08
5.79e-06 7.329E-08
5.8e-06 7.403E-08
5.81e-06 7.552E-08
5.82e-06 7.891E-08
5.83e-06 7.952E-08
5.84e-06 7.898E-08
5.85e-06 8.060E-08
5.86e-06 7.883E-08
5.87e-06 7.931E-08
5.88e-06 8.019E-08
5.89e-06 8.298E-08
5.9e-06 8.105E-08
5.91e-06 8.085E-08
5.92e-06 8.087E-08
5.93e-06 8.390E-08
5.94e-06 8.450E-08
5.95e-06 8.642E-08
5.96e-06 8.803E-08
5.97e-06 9.060E-08
5.98e-06 8.867E-08
5.99e-06 9.125E-08
6e-06 8.951E-08
6.01e-06 9.021E-08
6.02e-06 9.268E-08
6.03e-06 9.340E-08
6.04e-06 9.762E-08
6.05e-06 9.764E-08
6.06e-06 9.402E-08
6.07e-06 9.818E-08
6.08e-06 9.727E-08
6.09e-06 1.032E-07
6.1e-06 1.071E-07
6.11e-06 1.126E-07
6.12e-06 1.211E-07
6.13e-06 1.414E-07
6.14e-06 1.653E-07
6.15e-06 2.071E-07
6.16e-06 2.557E-07
6.17e-06 3.350E-07
6.18e-06 4.488E-07
6.19e-06 6.240E-07
6.2e-06 8.665E-07
6.21e-06 1.090E-06
6.22e-06 1.231E-06
6.23e-06 1.654E-06
6.24e-06 1.282E-06
6.25e-06 1.848E-06
6.26e-06 1.569E-06
6.27e-06 1.588E-06
6.28e-06 1.982E-06
6.29e-06 1.164E-06
6.3e-06 1.417E-06
6.31e-06 1.082E-06
6.32e-06 6.288E-07
6.33e-06 8.237E-07
6.34e-06 1.566E-06
6.35e-06 9.639E-07
6.36e-06 6.260E-09
6.37e-06 2.109E-07
6.38e-06 5.801E-09
6.39e-06 1.450E-06
6.4e-06 1.747E-06
6.41e-06 1.298E-06
6.42e-06 1.127E-06
6.43e-06 1.954E-06
6.44e-06 1.302E-08
6.45e-06 3.667E-07
6.46e-06 4.162E-09
6.47e-06 5.823E-07
6.48e-06 3.356E-07
6.49e-06 1.845E-07
6.5e-06 1.266E-07
6.51e-06 1.428E-06
6.52e-06 4.058E-06
6.53e-06 3.138E-06
6.54e-06 5.837E-07
6.55e-06 2.648E-07
6.56e-06 4.808E-08
6.57e-06 5.740E-11
6.58e-06 4.531E-11
6.59e-06 3.605E-11
6.6e-06 2.984E-11
6.61e-06 2.776E-11
6.62e-06 2.961E-11
6.63e-06 6.492E-08
6.64e-06 3.980E-08
6.65e-06 5.087E-11
6.66e-06 6.100E-11
6.67e-06 6.807E-11
6.68e-06 7.298E-11
6.69e-06 7.628E-11
6.7e-06 1.473E-07
6.71e-06 6.826E-11
6.72e-06 5.746E-11
6.73e-06 1.222E-07
6.74e-06 3.187E-06
6.75e-06 3.900E-07
6.76e-06 2.938E-06
6.77e-06 2.840E-06
6.78e-06 7.780E-07
6.79e-06 4.565E-06
6.8e-06 1.190E-06
6.81e-06 6.164E-06
6.82e-06 1.169E-05
6.83e-06 8.813E-06
6.84e-06 1.111E-05
6.85e-06 8.323E-06
6.86e-06 2.384E-06
6.87e-06 2.573E-06
6.88e-06 9.819E-06
6.89e-06 1.291E-05
6.9e-06 1.749E-05
6.91e-06 3.118E-06
6.92e-06 1.694E-05
6.93e-06 3.068E-06
6.94e-06 3.033E-06
6.95e-06 3.025E-06
6.96e-06 3.058E-06
6.97e-06 3.277E-06
6.98e-06 1.139E-05
6.99e-06 3.415E-06
7e-06 3.014E-06
7.01e-06 1.098E-05
7.02e-06 6.252E-09
7.03e-06 8.193E-09
7.04e-06 5.188E-07
7.05e-06 1.380E-08
7.06e-06 2.341E-06
7.07e-06 2.337E-08
7.08e-06 3.016E-08
7.09e-06 3.896E-08
7.1e-06 4.282E-06
7.11e-06 6.511E-08
7.12e-06 8.520E-08
7.13e-06 1.120E-07
7.14e-06 1.478E-07
7.15e-06 1.992E-07
7.16e-06 9.977E-06
7.17e-06 3.732E-07
7.18e-06 5.211E-07
7.19e-06 7.329E-07
7.2e-06 2.367E-05
7.21e-06 1.449E-03
7.22e-06 1.426E-03
7.23e-06 1.781E-03
7.24e-06 1.871E-03
7.25e-06 1.722E-03
7.26e-06 1.807E-03
7.27e-06 1.602E-03
7.28e-06 9.638E-04
7.29e-06 1.370E-03
7.3e-06 2.237E-03
7.31e-06 2.801E-03
7.32e-06 2.980E-03
7.33e-06 2.918E-03
7.34e-06 3.123E-03
7.35e-06 3.044E-03
7.36e-06 2.752E-03
7.37e-06 2.747E-03
7.38e-06 2.611E-03
7.39e-06 2.777E-03
7.4e-06 3.004E-03
7.41e-06 3.507E-03
7.42e-06 4.445E-03
7.43e-06 5.815E-03
7.44e-06 7.552E-03
7.45e-06 9.546E-03
7.46e-06 1.174E-02
7.47e-06 1.417E-02
7.48e-06 1.724E-02
7.49e-06 2.125E-02
7.5e-06 2.693E-02
7.51e-06 3.488E-02
7.52e-06 4.599E-02
7.53e-06 6.104E-02
7.54e-06 8.063E-02
7.55e-06 1.044E-01
7.56e-06 1.320E-01
7.57e-06 1.605E-01
7.58e-06 1.851E-01
7.59e-06 2.039E-01
7.6e-06 2.149E-01
7.61e-06 2.179E-01
7.62e-06 2.140E-01
7.63e-06 2.060E-01
7.64e-06 1.960E-01
7.65e-06 1.870E-01
7.66e-06 1.790E-01
7.67e-06 1.730E-01
7.68e-06 1.680E-01
7.69e-06 1.650E-01
7.7e-06 1.640E-01
7.71e-06 1.640E-01
7.72e-06 1.640E-01
7.73e-06 1.650E-01
7.74e-06 1.660E-01
7.75e-06 1.660E-01
7.76e-06 1.670E-01
7.77e-06 1.680E-01
7.78e-06 1.700E-01
7.79e-06 1.730E-01
7.8e-06 1.760E-01
7.81e-06 1.790E-01
7.82e-06 1.820E-01
7.83e-06 1.850E-01
7.84e-06 1.880E-01
7.85e-06 1.900E-01
7.86e-06 1.920E-01
7.87e-06 1.930E-01
7.88e-06 1.940E-01
7.89e-06 1.950E-01
7.9e-06 1.970E-01
7.91e-06 1.980E-01
7.92e-06 2.000E-01
7.93e-06 2.040E-01
7.94e-06 2.070E-01
7.95e-06 2.110E-01
7.96e-06 2.160E-01
7.97e-06 2.220E-01
7.98e-06 2.280E-01
7.99e-06 2.330E-01
8e-06 2.370E-01
8.01e-06 2.400E-01
8.02e-06 2.430E-01
8.03e-06 2.450E-01
8.04e-06 2.470E-01
8.05e-06 2.480E-01
8.06e-06 2.480E-01
8.07e-06 2.490E-01
8.08e-06 2.490E-01
8.09e-06 2.510E-01
8.1e-06 2.520E-01
8.11e-06 2.520E-01
8.12e-06 2.520E-01
8.13e-06 2.510E-01
8.14e-06 2.490E-01
8.15e-06 2.470E-01
8.16e-06 2.440E-01
8.17e-06 2.410E-01
8.18e-06 2.390E-01
8.19e-06 2.380E-01
8.2e-06 2.360E-01
8.21e-06 2.350E-01
8.22e-06 2.330E-01
8.23e-06 2.320E-01
8.24e-06 2.310E-01
8.25e-06 2.290E-01
8.26e-06 2.260E-01
8.27e-06 2.220E-01
8.28e-06 2.180E-01
8.29e-06 2.140E-01
8.3e-06 2.130E-01
8.31e-06 2.130E-01
8.32e-06 2.130E-01
8.33e-06 2.140E-01
8.34e-06 2.140E-01
8.35e-06 2.130E-01
8.36e-06 2.120E-01
8.37e-06 2.120E-01
8.38e-06 2.130E-01
8.39e-06 2.150E-01
8.4e-06 2.170E-01
8.41e-06 2.180E-01
8.42e-06 2.200E-01
8.43e-06 2.220E-01
8.44e-06 2.240E-01
8.45e-06 2.260E-01
8.46e-06 2.290E-01
8.47e-06 2.320E-01
8.48e-06 2.350E-01
8.49e-06 2.380E-01
8.5e-06 2.410E-01
8.51e-06 2.440E-01
8.52e-06 2.460E-01
8.53e-06 2.480E-01
8.54e-06 2.500E-01
8.55e-06 2.520E-01
8.56e-06 2.540E-01
8.57e-06 2.550E-01
8.58e-06 2.560E-01
8.59e-06 2.560E-01
8.6e-06 2.550E-01
8.61e-06 2.540E-01
8.62e-06 2.530E-01
8.63e-06 2.520E-01
8.64e-06 2.500E-01
8.65e-06 2.490E-01
8.66e-06 2.480E-01
8.67e-06 2.470E-01
8.68e-06 2.460E-01
8.69e-06 2.440E-01
8.7e-06 2.430E-01
8.71e-06 2.410E-01
8.72e-06 2.400E-01
8.73e-06 2.390E-01
8.74e-06 2.360E-01
8.75e-06 2.310E-01
8.76e-06 2.200E-01
8.77e-06 2.010E-01
8.78e-06 1.750E-01
8.79e-06 1.500E-01
8.8e-06 1.360E-01
8.81e-06 1.400E-01
8.82e-06 1.570E-01
8.83e-06 1.800E-01
8.84e-06 2.000E-01
8.85e-06 2.140E-01
8.86e-06 2.220E-01
8.87e-06 2.270E-01
8.88e-06 2.300E-01
8.89e-06 2.330E-01
8.9e-06 2.360E-01
8.91e-06 2.390E-01
8.92e-06 2.410E-01
8.93e-06 2.430E-01
8.94e-06 2.440E-01
8.95e-06 2.440E-01
8.96e-06 2.450E-01
8.97e-06 2.460E-01
8.98e-06 2.460E-01
8.99e-06 2.470E-01
9e-06 2.470E-01
9.01e-06 2.460E-01
9.02e-06 2.450E-01
9.03e-06 2.440E-01
9.04e-06 2.430E-01
9.05e-06 2.420E-01
9.06e-06 2.420E-01
9.07e-06 2.430E-01
9.08e-06 2.430E-01
9.09e-06 2.440E-01
9.1e-06 2.450E-01
9.11e-06 2.470E-01
9.12e-06 2.470E-01
9.13e-06 2.480E-01
9.14e-06 2.480E-01
9.15e-06 2.470E-01
9.16e-06 2.460E-01
9.17e-06 2.440E-01
9.18e-06 2.430E-01
9.19e-06 2.410E-01
9.2e-06 2.400E-01
9.21e-06 2.400E-01
9.22e-06 2.390E-01
9.23e-06 2.390E-01
9.24e-06 2.380E-01
9.25e-06 2.380E-01
9.26e-06 2.360E-01
9.27e-06 2.360E-01
9.28e-06 2.350E-01
9.29e-06 2.350E-01
9.3e-06 2.360E-01
9.31e-06 2.360E-01
9.32e-06 2.370E-01
9.33e-06 2.370E-01
9.34e-06 2.370E-01
9.35e-06 2.380E-01
9.36e-06 2.380E-01
9.37e-06 2.370E-01
9.38e-06 2.370E-01
9.39e-06 2.370E-01
9.4e-06 2.380E-01
9.41e-06 2.380E-01
9.42e-06 2.390E-01
9.43e-06 2.390E-01
9.44e-06 2.400E-01
9.45e-06 2.410E-01
9.46e-06 2.420E-01
9.47e-06 2.430E-01
9.48e-06 2.450E-01
9.49e-06 2.470E-01
9.5e-06 2.490E-01
9.51e-06 2.510E-01
9.52e-06 2.520E-01
9.53e-06 2.520E-01
9.54e-06 2.520E-01
9.55e-06 2.510E-01
9.56e-06 2.490E-01
9.57e-06 2.480E-01
9.58e-06 2.460E-01
9.59e-06 2.440E-01
9.6e-06 2.420E-01
9.61e-06 2.400E-01
9.62e-06 2.390E-01
9.63e-06 2.380E-01
9.64e-06 2.380E-01
9.65e-06 2.390E-01
9.66e-06 2.400E-01
9.67e-06 2.420E-01
9.68e-06 2.430E-01
9.69e-06 2.450E-01
9.7e-06 2.460E-01
9.71e-06 2.460E-01
9.72e-06 2.460E-01
9.73e-06 2.460E-01
9.74e-06 2.450E-01
9.75e-06 2.440E-01
9.76e-06 2.440E-01
9.77e-06 2.440E-01
9.78e-06 2.440E-01
9.79e-06 2.450E-01
9.8e-06 2.460E-01
9.81e-06 2.470E-01
9.82e-06 2.480E-01
9.83e-06 2.490E-01
9.84e-06 2.500E-01
9.85e-06 2.510E-01
9.86e-06 2.520E-01
9.87e-06 2.530E-01
9.88e-06 2.540E-01
9.89e-06 2.550E-01
9.9e-06 2.570E-01
9.91e-06 2.590E-01
9.92e-06 2.620E-01
9.93e-06 2.640E-01
9.94e-06 2.670E-01
9.95e-06 2.690E-01
9.96e-06 2.710E-01
9.97e-06 2.730E-01
9.98e-06 2.740E-01
9.99e-06 2.760E-01
1e-05 2.770E-01
1.001e-05 2.790E-01
1.002e-05 2.820E-01
1.003e-05 2.840E-01
1.004e-05 2.870E-01
1.005e-05 2.910E-01
1.006e-05 2.950E-01
1.007e-05 2.990E-01
1.008e-05 3.020E-01
1.009e-05 3.060E-01
1.01e-05 3.100E-01
1.011e-05 3.130E-01
1.012e-05 3.160E-01
1.013e-05 3.190E-01
1.014e-05 3.210E-01
1.015e-05 3.230E-01
1.016e-05 3.250E-01
1.017e-05 3.270E-01
1.018e-05 3.270E-01
1.019e-05 3.270E-01
1.02e-05 3.260E-01
1.021e-05 3.240E-01
1.022e-05 3.220E-01
1.023e-05 3.200E-01
1.024e-05 3.180E-01
1.025e-05 3.170E-01
1.026e-05 3.150E-01
1.027e-05 3.120E-01
1.028e-05 3.100E-01
1.029e-05 3.070E-01
1.03e-05 3.050E-01
1.031e-05 3.020E-01
1.032e-05 3.010E-01
1.033e-05 3.000E-01
1.034e-05 2.990E-01
1.035e-05 2.990E-01
1.036e-05 2.990E-01
1.037e-05 2.990E-01
1.038e-05 2.990E-01
1.039e-05 2.980E-01
1.04e-05 2.970E-01
1.041e-05 2.960E-01
1.042e-05 2.950E-01
1.043e-05 2.940E-01
1.044e-05 2.920E-01
1.045e-05 2.920E-01
1.046e-05 2.910E-01
1.047e-05 2.910E-01
1.048e-05 2.910E-01
1.049e-05 2.920E-01
1.05e-05 2.930E-01
1.051e-05 2.940E-01
1.052e-05 2.950E-01
1.053e-05 2.950E-01
1.054e-05 2.960E-01
1.055e-05 2.970E-01
1.056e-05 2.980E-01
1.057e-05 2.990E-01
1.058e-05 3.010E-01
1.059e-05 3.020E-01
1.06e-05 3.040E-01
1.061e-05 3.050E-01
1.062e-05 3.060E-01
1.063e-05 3.070E-01
1.064e-05 3.080E-01
1.065e-05 3.090E-01
1.066e-05 3.100E-01
1.067e-05 3.110E-01
1.068e-05 3.130E-01
1.069e-05 3.140E-01
1.07e-05 3.140E-01
1.071e-05 3.150E-01
1.072e-05 3.150E-01
1.073e-05 3.140E-01
1.074e-05 3.130E-01
1.075e-05 3.120E-01
1.076e-05 3.110E-01
1.077e-05 3.100E-01
1.078e-05 3.090E-01
1.079e-05 3.080E-01
1.08e-05 3.080E-01
1.081e-05 3.080E-01
1.082e-05 3.090E-01
1.083e-05 3.100E-01
1.084e-05 3.110E-01
1.085e-05 3.120E-01
1.086e-05 3.130E-01
1.087e-05 3.130E-01
1.088e-05 3.120E-01
1.089e-05 3.110E-01
1.09e-05 3.100E-01
1.091e-05 3.080E-01
1.092e-05 3.060E-01
1.093e-05 3.050E-01
1.094e-05 3.030E-01
1.095e-05 3.010E-01
1.096e-05 3.000E-01
1.097e-05 2.990E-01
1.098e-05 2.980E-01
1.099e-05 2.980E-01
1.1e-05 2.980E-01
1.101e-05 2.980E-01
1.102e-05 2.990E-01
1.103e-05 3.000E-01
1.104e-05 3.010E-01
1.105e-05 3.010E-01
1.106e-05 3.010E-01
1.107e-05 3.000E-01
1.108e-05 2.990E-01
1.109e-05 2.990E-01
1.11e-05 2.980E-01
1.111e-05 2.980E-01
1.112e-05 2.970E-01
1.113e-05 2.970E-01
1.114e-05 2.970E-01
1.115e-05 2.960E-01
1.116e-05 2.960E-01
1.117e-05 2.940E-01
1.118e-05 2.930E-01
1.119e-05 2.910E-01
1.12e-05 2.890E-01
1.121e-05 2.870E-01
1.122e-05 2.850E-01
1.123e-05 2.830E-01
1.124e-05 2.820E-01
1.125e-05 2.810E-01
1.126e-05 2.800E-01
1.127e-05 2.800E-01
1.128e-05 2.810E-01
1.129e-05 2.810E-01
1.13e-05 2.820E-01
1.131e-05 2.830E-01
1.132e-05 2.850E-01
1.133e-05 2.860E-01
1.134e-05 2.870E-01
1.135e-05 2.880E-01
1.136e-05 2.890E-01
1.137e-05 2.890E-01
1.138e-05 2.900E-01
1.139e-05 2.900E-01
1.14e-05 2.910E-01
1.141e-05 2.910E-01
1.142e-05 2.920E-01
1.143e-05 2.930E-01
1.144e-05 2.940E-01
1.145e-05 2.950E-01
1.146e-05 2.960E-01
1.147e-05 2.980E-01
1.148e-05 2.990E-01
1.149e-05 3.010E-01
1.15e-05 3.020E-01
1.151e-05 3.040E-01
1.152e-05 3.060E-01
1.153e-05 3.080E-01
1.154e-05 3.100E-01
1.155e-05 3.120E-01
1.156e-05 3.140E-01
1.157e-05 3.150E-01
1.158e-05 3.160E-01
1.159e-05 3.170E-01
1.16e-05 3.170E-01
1.161e-05 3.180E-01
1.162e-05 3.180E-01
1.163e-05 3.190E-01
1.164e-05 3.190E-01
1.165e-05 3.200E-01
1.166e-05 3.200E-01
1.167e-05 3.210E-01
1.168e-05 3.210E-01
1.169e-05 3.210E-01
1.17e-05 3.210E-01
1.171e-05 3.200E-01
1.172e-05 3.190E-01
1.173e-05 3.170E-01
1.174e-05 3.150E-01
1.175e-05 3.140E-01
1.176e-05 3.120E-01
1.177e-05 3.100E-01
1.178e-05 3.090E-01
1.179e-05 3.080E-01
1.18e-05 3.070E-01
1.181e-05 3.070E-01
1.182e-05 3.060E-01
1.183e-05 3.060E-01
1.184e-05 3.060E-01
1.185e-05 3.050E-01
1.186e-05 3.040E-01
1.187e-05 3.030E-01
1.188e-05 3.020E-01
1.189e-05 3.010E-01
1.19e-05 2.990E-01
1.191e-05 2.980E-01
1.192e-05 2.970E-01
1.193e-05 2.960E-01
1.194e-05 2.950E-01
1.195e-05 2.950E-01
1.196e-05 2.940E-01
1.197e-05 2.940E-01
1.198e-05 2.940E-01
1.199e-05 2.930E-01
1.2e-05 2.930E-01
1.201e-05 2.920E-01
1.202e-05 2.910E-01
1.203e-05 2.900E-01
1.204e-05 2.890E-01
1.205e-05 2.880E-01
1.206e-05 2.860E-01
1.207e-05 2.850E-01
1.208e-05 2.830E-01
1.209e-05 2.830E-01
1.21e-05 2.820E-01
1.211e-05 2.820E-01
1.212e-05 2.820E-01
1.213e-05 2.830E-01
1.214e-05 2.840E-01
1.215e-05 2.850E-01
1.216e-05 2.860E-01
1.217e-05 2.870E-01
1.218e-05 2.880E-01
1.219e-05 2.890E-01
1.22e-05 2.910E-01
1.221e-05 2.910E-01
1.222e-05 2.920E-01
1.223e-05 2.930E-01
1.224e-05 2.930E-01
1.225e-05 2.940E-01
1.226e-05 2.940E-01
1.227e-05 2.940E-01
1.228e-05 2.950E-01
1.229e-05 2.950E-01
1.23e-05 2.960E-01
1.231e-05 2.970E-01
1.232e-05 2.990E-01
1.233e-05 3.010E-01
1.234e-05 3.030E-01
1.235e-05 3.050E-01
1.236e-05 3.070E-01
1.237e-05 3.090E-01
1.238e-05 3.110E-01
1.239e-05 3.140E-01
1.24e-05 3.160E-01
1.241e-05 3.190E-01
1.242e-05 3.220E-01
1.243e-05 3.240E-01
1.244e-05 3.270E-01
1.245e-05 3.290E-01
1.246e-05 3.320E-01
1.247e-05 3.340E-01
1.248e-05 3.360E-01
1.249e-05 3.370E-01
1.25e-05 3.380E-01
1.251e-05 3.390E-01
1.252e-05 3.400E-01
1.253e-05 3.390E-01
1.254e-05 3.390E-01
1.255e-05 3.380E-01
1.256e-05 3.370E-01
1.257e-05 3.360E-01
1.258e-05 3.350E-01
1.259e-05 3.340E-01
1.26e-05 3.340E-01
1.261e-05 3.340E-01
1.262e-05 3.340E-01
1.263e-05 3.350E-01
1.264e-05 3.360E-01
1.265e-05 3.370E-01
1.266e-05 3.380E-01
1.267e-05 3.379E-01
1.268e-05 3.389E-01
1.269e-05 3.389E-01
1.27e-05 3.389E-01
1.271e-05 3.389E-01
1.272e-05 3.389E-01
1.273e-05 3.390E-01
1.274e-05 3.390E-01
1.275e-05 3.390E-01
1.276e-05 3.400E-01
1.277e-05 3.400E-01
1.278e-05 3.410E-01
1.279e-05 3.420E-01
1.28e-05 3.430E-01
1.281e-05 3.440E-01
1.282e-05 3.460E-01
1.283e-05 3.480E-01
1.284e-05 3.500E-01
1.285e-05 3.520E-01
1.286e-05 3.550E-01
1.287e-05 3.570E-01
1.288e-05 3.590E-01
1.289e-05 3.620E-01
1.29e-05 3.630E-01
1.291e-05 3.650E-01
1.292e-05 3.660E-01
1.293e-05 3.670E-01
1.294e-05 3.670E-01
1.295e-05 3.680E-01
1.296e-05 3.680E-01
1.297e-05 3.670E-01
1.298e-05 3.670E-01
1.299e-05 3.670E-01
1.3e-05 3.670E-01
1.301e-05 3.670E-01
1.302e-05 3.670E-01
1.303e-05 3.680E-01
1.304e-05 3.690E-01
1.305e-05 3.700E-01
1.306e-05 3.710E-01
1.307e-05 3.730E-01
1.308e-05 3.760E-01
1.309e-05 3.780E-01
1.31e-05 3.810E-01
1.311e-05 3.840E-01
1.312e-05 3.870E-01
1.313e-05 3.900E-01
1.314e-05 3.920E-01
1.315e-05 3.950E-01
1.316e-05 3.980E-01
1.317e-05 4.000E-01
1.318e-05 4.020E-01
1.319e-05 4.040E-01
1.32e-05 4.060E-01
1.321e-05 4.080E-01
1.322e-05 4.090E-01
1.323e-05 4.100E-01
1.324e-05 4.110E-01
1.325e-05 4.120E-01
1.326e-05 4.130E-01
1.327e-05 4.140E-01
1.328e-05 4.140E-01
1.329e-05 4.140E-01
1.33e-05 4.140E-01
1.331e-05 4.140E-01
1.332e-05 4.130E-01
1.333e-05 4.120E-01
1.334e-05 4.100E-01
1.335e-05 4.090E-01
1.336e-05 4.080E-01
1.337e-05 4.060E-01
1.338e-05 4.050E-01
1.339e-05 4.040E-01
1.34e-05 4.030E-01
1.341e-05 4.030E-01
1.342e-05 4.030E-01
1.343e-05 4.030E-01
1.344e-05 4.030E-01
1.345e-05 4.040E-01
1.346e-05 4.040E-01
1.347e-05 4.050E-01
1.348e-05 4.050E-01
1.349e-05 4.060E-01
1.35e-05 4.060E-01
1.351e-05 4.060E-01
1.352e-05 4.060E-01
1.353e-05 4.060E-01
1.354e-05 4.060E-01
1.355e-05 4.060E-01
1.356e-05 4.060E-01
1.357e-05 4.070E-01
1.358e-05 4.070E-01
1.359e-05 4.080E-01
1.36e-05 4.080E-01
1.361e-05 4.090E-01
1.362e-05 4.090E-01
1.363e-05 4.100E-01
1.364e-05 4.100E-01
1.365e-05 4.100E-01
1.366e-05 4.090E-01
1.367e-05 4.090E-01
1.368e-05 4.080E-01
1.369e-05 4.070E-01
1.37e-05 4.060E-01
1.371e-05 4.050E-01
1.372e-05 4.040E-01
1.373e-05 4.030E-01
1.374e-05 4.020E-01
1.375e-05 4.010E-01
1.376e-05 4.010E-01
1.377e-05 4.010E-01
1.378e-05 4.010E-01
1.379e-05 4.010E-01
1.38e-05 4.020E-01
1.381e-05 4.020E-01
1.382e-05 4.030E-01
1.383e-05 4.040E-01
1.384e-05 4.040E-01
1.385e-05 4.040E-01
1.386e-05 4.050E-01
1.387e-05 4.050E-01
1.388e-05 4.050E-01
1.389e-05 4.050E-01
1.39e-05 4.050E-01
1.391e-05 4.060E-01
1.392e-05 4.060E-01
1.393e-05 4.060E-01
1.394e-05 4.070E-01
1.395e-05 4.080E-01
1.396e-05 4.090E-01
1.397e-05 4.100E-01
1.398e-05 4.110E-01
1.399e-05 4.120E-01
1.4e-05 4.140E-01
1.401e-05 4.150E-01
1.402e-05 4.160E-01
1.403e-05 4.170E-01
1.404e-05 4.180E-01
1.405e-05 4.180E-01
1.406e-05 4.190E-01
1.407e-05 4.190E-01
1.408e-05 4.180E-01
1.409e-05 4.180E-01
1.41e-05 4.170E-01
1.411e-05 4.170E-01
1.412e-05 4.160E-01
1.413e-05 4.150E-01
1.414e-05 4.150E-01
1.415e-05 4.150E-01
1.416e-05 4.140E-01
1.417e-05 4.150E-01
1.418e-05 4.150E-01
1.419e-05 4.160E-01
1.42e-05 4.160E-01
1.421e-05 4.170E-01
1.422e-05 4.180E-01
1.423e-05 4.180E-01
1.424e-05 4.190E-01
1.425e-05 4.190E-01
1.426e-05 4.190E-01
1.427e-05 4.180E-01
1.428e-05 4.170E-01
1.429e-05 4.170E-01
1.43e-05 4.160E-01
1.431e-05 4.150E-01
1.432e-05 4.150E-01
1.433e-05 4.140E-01
1.434e-05 4.140E-01
1.435e-05 4.140E-01
1.436e-05 4.150E-01
1.437e-05 4.150E-01
1.438e-05 4.160E-01
1.439e-05 4.170E-01
1.44e-05 4.180E-01
1.441e-05 4.180E-01
1.442e-05 4.190E-01
1.443e-05 4.200E-01
1.444e-05 4.200E-01
1.445e-05 4.200E-01
1.446e-05 4.200E-01
1.447e-05 4.190E-01
1.448e-05 4.180E-01
1.449e-05 4.170E-01
1.45e-05 4.160E-01
1.451e-05 4.150E-01
1.452e-05 4.140E-01
1.453e-05 4.130E-01
1.454e-05 4.120E-01
1.455e-05 4.110E-01
1.456e-05 4.100E-01
1.457e-05 4.090E-01
1.458e-05 4.080E-01
1.459e-05 4.070E-01
1.46e-05 4.060E-01
1.461e-05 4.050E-01
1.462e-05 4.040E-01
1.463e-05 4.030E-01
1.464e-05 4.020E-01
1.465e-05 4.010E-01
1.466e-05 4.000E-01
1.467e-05 3.990E-01
1.468e-05 3.980E-01
1.469e-05 3.980E-01
1.47e-05 3.970E-01
1.471e-05 3.970E-01
1.472e-05 3.960E-01
1.473e-05 3.960E-01
1.474e-05 3.950E-01
1.475e-05 3.950E-01
1.476e-05 3.950E-01
1.477e-05 3.940E-01
1.478e-05 3.930E-01
1.479e-05 3.920E-01
1.48e-05 3.910E-01
1.481e-05 3.910E-01
1.482e-05 3.890E-01
1.483e-05 3.880E-01
1.484e-05 3.870E-01
1.485e-05 3.860E-01
1.486e-05 3.850E-01
1.487e-05 3.840E-01
1.488e-05 3.830E-01
1.489e-05 3.820E-01
1.49e-05 3.810E-01
1.491e-05 3.800E-01
1.492e-05 3.790E-01
1.493e-05 3.770E-01
1.494e-05 3.760E-01
1.495e-05 3.750E-01
1.496e-05 3.730E-01
1.497e-05 3.720E-01
1.498e-05 3.710E-01
1.499e-05 3.690E-01
1.5e-05 3.680E-01
1.501e-05 3.670E-01
1.502e-05 3.660E-01
1.503e-05 3.650E-01
1.504e-05 3.640E-01
1.505e-05 3.630E-01
1.506e-05 3.620E-01
1.507e-05 3.610E-01
1.508e-05 3.600E-01
1.509e-05 3.590E-01
1.51e-05 3.570E-01
1.511e-05 3.560E-01
1.512e-05 3.550E-01
1.513e-05 3.530E-01
1.514e-05 3.510E-01
1.515e-05 3.490E-01
1.516e-05 3.470E-01
1.517e-05 3.440E-01
1.518e-05 3.410E-01
1.519e-05 3.380E-01
1.52e-05 3.350E-01
1.521e-05 3.320E-01
1.522e-05 3.280E-01
1.523e-05 3.250E-01
1.524e-05 3.210E-01
1.525e-05 3.180E-01
1.526e-05 3.150E-01
1.527e-05 3.110E-01
1.528e-05 3.080E-01
1.529e-05 3.050E-01
1.53e-05 3.020E-01
1.531e-05 2.990E-01
1.532e-05 2.970E-01
1.533e-05 2.940E-01
1.534e-05 2.910E-01
1.535e-05 2.880E-01
1.536e-05 2.850E-01
1.537e-05 2.820E-01
1.538e-05 2.791E-01
1.539e-05 2.761E-01
1.54e-05 2.731E-01
1.541e-05 2.701E-01
1.542e-05 2.671E-01
1.543e-05 2.650E-01
1.544e-05 2.620E-01
1.545e-05 2.600E-01
1.546e-05 2.590E-01
1.547e-05 2.570E-01
1.548e-05 2.560E-01
1.549e-05 2.550E-01
1.55e-05 2.540E-01
1.551e-05 2.540E-01
1.552e-05 2.540E-01
1.553e-05 2.530E-01
1.554e-05 2.530E-01
1.555e-05 2.530E-01
1.556e-05 2.530E-01
1.557e-05 2.530E-01
1.558e-05 2.540E-01
1.559e-05 2.540E-01
1.56e-05 2.540E-01
1.561e-05 2.540E-01
1.562e-05 2.550E-01
1.563e-05 2.550E-01
1.564e-05 2.560E-01
1.565e-05 2.560E-01
1.566e-05 2.570E-01
1.567e-05 2.570E-01
1.568e-05 2.580E-01
1.569e-05 2.580E-01
1.57e-05 2.580E-01
1.571e-05 2.590E-01
1.572e-05 2.590E-01
1.573e-05 2.590E-01
1.574e-05 2.590E-01
1.575e-05 2.580E-01
1.576e-05 2.580E-01
1.577e-05 2.580E-01
1.578e-05 2.570E-01
1.579e-05 2.570E-01
1.58e-05 2.560E-01
1.581e-05 2.550E-01
1.582e-05 2.550E-01
1.583e-05 2.540E-01
1.584e-05 2.530E-01
1.585e-05 2.520E-01
1.586e-05 2.500E-01
1.587e-05 2.490E-01
1.588e-05 2.480E-01
1.589e-05 2.460E-01
1.59e-05 2.450E-01
1.591e-05 2.430E-01
1.592e-05 2.410E-01
1.593e-05 2.400E-01
1.594e-05 2.380E-01
1.595e-05 2.360E-01
1.596e-05 2.350E-01
1.597e-05 2.330E-01
1.598e-05 2.320E-01
1.599e-05 2.310E-01
1.6e-05 2.300E-01
1.601e-05 2.290E-01
1.602e-05 2.280E-01
1.603e-05 2.270E-01
1.604e-05 2.270E-01
1.605e-05 2.260E-01
1.606e-05 2.260E-01
1.607e-05 2.260E-01
1.608e-05 2.260E-01
1.609e-05 2.260E-01
1.61e-05 2.250E-01
1.611e-05 2.250E-01
1.612e-05 2.250E-01
1.613e-05 2.240E-01
1.614e-05 2.240E-01
1.615e-05 2.240E-01
1.616e-05 2.230E-01
1.617e-05 2.220E-01
1.618e-05 2.220E-01
1.619e-05 2.210E-01
1.62e-05 2.200E-01
1.621e-05 2.190E-01
1.622e-05 2.180E-01
1.623e-05 2.170E-01
1.624e-05 2.150E-01
1.625e-05 2.140E-01
1.626e-05 2.120E-01
1.627e-05 2.100E-01
1.628e-05 2.080E-01
1.629e-05 2.060E-01
1.63e-05 2.030E-01
1.631e-05 2.000E-01
1.632e-05 1.971E-01
1.633e-05 1.941E-01
1.634e-05 1.911E-01
1.635e-05 1.871E-01
1.636e-05 1.831E-01
1.637e-05 1.791E-01
1.638e-05 1.751E-01
1.639e-05 1.711E-01
1.64e-05 1.671E-01
1.641e-05 1.621E-01
1.642e-05 1.581E-01
1.643e-05 1.531E-01
1.644e-05 1.491E-01
1.645e-05 1.441E-01
1.646e-05 1.391E-01
1.647e-05 1.351E-01
1.648e-05 1.301E-01
1.649e-05 1.251E-01
1.65e-05 1.211E-01
1.651e-05 1.161E-01
1.652e-05 1.121E-01
1.653e-05 1.071E-01
1.654e-05 1.031E-01
1.655e-05 9.826E-02
1.656e-05 9.395E-02
1.657e-05 8.975E-02
1.658e-05 8.574E-02
1.659e-05 8.164E-02
1.66e-05 7.784E-02
1.661e-05 7.415E-02
1.662e-05 7.055E-02
1.663e-05 6.705E-02
1.664e-05 6.366E-02
1.665e-05 6.056E-02
1.666e-05 5.746E-02
1.667e-05 5.446E-02
1.668e-05 5.175E-02
1.669e-05 4.915E-02
1.67e-05 4.664E-02
1.671e-05 4.433E-02
1.672e-05 4.203E-02
1.673e-05 3.992E-02
1.674e-05 3.802E-02
1.675e-05 3.602E-02
1.676e-05 3.432E-02
1.677e-05 3.272E-02
1.678e-05 3.112E-02
1.679e-05 2.972E-02
1.68e-05 2.833E-02
1.681e-05 2.702E-02
1.682e-05 2.582E-02
1.683e-05 2.462E-02
1.684e-05 2.362E-02
1.685e-05 2.261E-02
1.686e-05 2.161E-02
1.687e-05 2.071E-02
1.688e-05 1.980E-02
1.689e-05 1.900E-02
1.69e-05 1.829E-02
1.691e-05 1.749E-02
1.692e-05 1.688E-02
1.693e-05 1.618E-02
1.694e-05 1.558E-02
1.695e-05 1.508E-02
1.696e-05 1.448E-02
1.697e-05 1.398E-02
1.698e-05 1.348E-02
1.699e-05 1.308E-02
1.7e-05 1.268E-02
1.701e-05 1.228E-02
1.702e-05 1.188E-02
1.703e-05 1.148E-02
1.704e-05 1.117E-02
1.705e-05 1.078E-02
1.706e-05 1.047E-02
1.707e-05 1.017E-02
1.708e-05 9.841E-03
1.709e-05 9.527E-03
1.71e-05 9.220E-03
1.711e-05 8.904E-03
1.712e-05 8.581E-03
1.713e-05 8.264E-03
1.714e-05 7.939E-03
1.715e-05 7.596E-03
1.716e-05 7.261E-03
1.717e-05 6.905E-03
1.718e-05 6.539E-03
1.719e-05 6.171E-03
1.72e-05 5.805E-03
1.721e-05 5.428E-03
1.722e-05 5.052E-03
1.723e-05 4.674E-03
1.724e-05 4.306E-03
1.725e-05 3.927E-03
1.726e-05 3.567E-03
1.727e-05 3.206E-03
1.728e-05 2.844E-03
1.729e-05 2.495E-03
1.73e-05 2.175E-03
1.731e-05 1.847E-03
1.732e-05 1.553E-03
1.733e-05 1.250E-03
1.734e-05 9.764E-04
1.735e-05 6.603E-04
1.736e-05 7.003E-04
1.737e-05 4.424E-04
1.738e-05 2.304E-03
1.739e-05 2.469E-03
1.74e-05 2.486E-03
1.741e-05 2.345E-03
1.742e-05 2.029E-03
1.743e-05 1.590E-03
1.744e-05 1.059E-03
1.745e-05 4.373E-04
1.746e-05 1.136E-03
1.747e-05 2.343E-04
1.748e-05 6.431E-04
1.749e-05 8.803E-04
1.75e-05 1.010E-03
1.751e-05 1.365E-03
1.752e-05 1.328E-03
1.753e-05 1.098E-03
1.754e-05 9.208E-04
1.755e-05 7.691E-04
1.756e-05 6.316E-04
1.757e-05 5.031E-04
1.758e-05 3.633E-04
1.759e-05 4.194E-04
1.76e-05 3.795E-04
1.761e-05 3.458E-04
1.762e-05 3.171E-04
1.763e-05 2.936E-04
1.764e-05 2.648E-04
1.765e-05 2.184E-04
1.766e-05 2.046E-04
1.767e-05 1.870E-04
1.768e-05 1.695E-04
1.769e-05 1.526E-04
1.77e-05 1.367E-04
1.771e-05 1.189E-04
1.772e-05 1.110E-04
1.773e-05 1.035E-04
1.774e-05 9.726E-05
1.775e-05 9.178E-05
1.776e-05 8.668E-05
1.777e-05 8.116E-05
1.778e-05 7.646E-05
1.779e-05 7.226E-05
1.78e-05 6.856E-05
1.781e-05 6.541E-05
1.782e-05 6.241E-05
1.783e-05 5.972E-05
1.784e-05 5.727E-05
1.785e-05 5.509E-05
1.786e-05 5.301E-05
1.787e-05 5.116E-05
1.788e-05 4.928E-05
1.789e-05 4.837E-05
1.79e-05 4.743E-05
1.791e-05 4.658E-05
1.792e-05 4.571E-05
1.793e-05 4.494E-05
1.794e-05 4.415E-05
1.795e-05 4.336E-05
1.796e-05 4.870E-05
1.797e-05 5.029E-05
1.798e-05 5.067E-05
1.799e-05 5.043E-05
1.8e-05 5.011E-05
1.801e-05 4.952E-05
1.802e-05 4.927E-05
1.803e-05 4.815E-05
1.804e-05 4.608E-05
1.805e-05 3.995E-05
1.806e-05 4.016E-05
1.807e-05 4.031E-05
1.808e-05 4.037E-05
1.809e-05 4.056E-05
1.81e-05 4.064E-05
1.811e-05 4.085E-05
1.812e-05 4.095E-05
1.813e-05 4.110E-05
1.814e-05 4.113E-05
1.815e-05 4.110E-05
1.816e-05 4.116E-05
1.817e-05 4.121E-05
1.818e-05 4.119E-05
1.819e-05 4.729E-05
1.82e-05 4.957E-05
1.821e-05 5.051E-05
1.822e-05 5.058E-05
1.823e-05 5.021E-05
1.824e-05 4.962E-05
1.825e-05 4.851E-05
1.826e-05 4.705E-05
1.827e-05 4.502E-05
1.828e-05 4.280E-05
1.829e-05 3.950E-05
1.83e-05 3.908E-05
1.831e-05 3.856E-05
1.832e-05 3.794E-05
1.833e-05 3.743E-05
1.834e-05 3.692E-05
1.835e-05 3.642E-05
1.836e-05 3.591E-05
1.837e-05 3.541E-05
1.838e-05 3.491E-05
1.839e-05 3.432E-05
1.84e-05 3.355E-05
1.841e-05 3.278E-05
1.842e-05 3.202E-05
1.843e-05 3.135E-05
1.844e-05 3.058E-05
1.845e-05 2.853E-05
1.846e-05 3.188E-05
1.847e-05 3.262E-05
1.848e-05 3.274E-05
1.849e-05 3.255E-05
1.85e-05 3.219E-05
1.851e-05 3.169E-05
1.852e-05 3.100E-05
1.853e-05 3.038E-05
1.854e-05 2.965E-05
1.855e-05 2.873E-05
1.856e-05 2.778E-05
1.857e-05 2.674E-05
1.858e-05 2.569E-05
1.859e-05 2.490E-05
1.86e-05 2.453E-05
1.861e-05 2.441E-05
1.862e-05 2.411E-05
1.863e-05 2.353E-05
1.864e-05 2.226E-05
1.865e-05 1.990E-05
1.866e-05 1.968E-05
1.867e-05 1.946E-05
1.868e-05 1.934E-05
1.869e-05 1.914E-05
1.87e-05 1.893E-05
1.871e-05 1.884E-05
1.872e-05 1.865E-05
1.873e-05 1.857E-05
1.874e-05 2.076E-05
1.875e-05 2.129E-05
1.876e-05 2.143E-05
1.877e-05 2.123E-05
1.878e-05 2.074E-05
1.879e-05 1.971E-05
1.88e-05 1.758E-05
1.881e-05 1.742E-05
1.882e-05 1.736E-05
1.883e-05 1.719E-05
1.884e-05 1.703E-05
1.885e-05 1.687E-05
1.886e-05 1.680E-05
1.887e-05 1.664E-05
1.888e-05 1.647E-05
1.889e-05 1.630E-05
1.89e-05 1.622E-05
1.891e-05 1.594E-05
1.892e-05 1.723E-05
1.893e-05 1.776E-05
1.894e-05 1.810E-05
1.895e-05 1.830E-05
1.896e-05 1.832E-05
1.897e-05 1.816E-05
1.898e-05 1.782E-05
1.899e-05 1.681E-05
1.9e-05 1.450E-05
1.901e-05 1.431E-05
1.902e-05 1.412E-05
1.903e-05 1.393E-05
1.904e-05 1.374E-05
1.905e-05 1.355E-05
1.906e-05 1.345E-05
1.907e-05 1.325E-05
1.908e-05 1.336E-05
1.909e-05 1.511E-05
1.91e-05 1.523E-05
1.911e-05 1.513E-05
1.912e-05 1.485E-05
1.913e-05 1.437E-05
1.914e-05 1.389E-05
1.915e-05 1.343E-05
1.916e-05 1.300E-05
1.917e-05 1.259E-05
1.918e-05 1.239E-05
1.919e-05 1.229E-05
1.92e-05 1.228E-05
1.921e-05 1.238E-05
1.922e-05 1.255E-05
1.923e-05 1.277E-05
1.924e-05 1.297E-05
1.925e-05 1.323E-05
1.926e-05 1.334E-05
1.927e-05 1.338E-05
1.928e-05 1.336E-05
1.929e-05 1.334E-05
1.93e-05 1.319E-05
1.931e-05 1.298E-05
1.932e-05 1.272E-05
1.933e-05 1.244E-05
1.934e-05 1.223E-05
1.935e-05 1.197E-05
1.936e-05 1.185E-05
1.937e-05 1.167E-05
1.938e-05 1.159E-05
1.939e-05 1.141E-05
1.94e-05 1.128E-05
1.941e-05 1.103E-05
1.942e-05 1.083E-05
1.943e-05 1.050E-05
1.944e-05 1.025E-05
1.945e-05 1.006E-05
1.946e-05 9.896E-06
1.947e-05 9.964E-06
1.948e-05 1.003E-05
1.949e-05 1.021E-05
1.95e-05 1.030E-05
1.951e-05 1.045E-05
1.952e-05 1.047E-05
1.953e-05 1.053E-05
1.954e-05 1.045E-05
1.955e-05 1.040E-05
1.956e-05 1.019E-05
1.957e-05 1.000E-05
1.958e-05 9.653E-06
1.959e-05 9.313E-06
1.96e-05 8.792E-06
1.961e-05 8.328E-06
1.962e-05 8.081E-06
1.963e-05 8.307E-06
1.964e-05 8.549E-06
1.965e-05 8.709E-06
1.966e-05 8.808E-06
1.967e-05 8.835E-06
1.968e-05 8.828E-06
1.969e-05 8.788E-06
1.97e-05 8.735E-06
1.971e-05 8.691E-06
1.972e-05 8.632E-06
1.973e-05 8.579E-06
1.974e-05 8.528E-06
1.975e-05 8.486E-06
1.976e-05 8.429E-06
1.977e-05 8.366E-06
1.978e-05 8.291E-06
1.979e-05 8.215E-06
1.98e-05 8.125E-06
1.981e-05 8.015E-06
1.982e-05 7.920E-06
1.983e-05 7.832E-06
1.984e-05 7.765E-06
1.985e-05 7.728E-06
1.986e-05 7.710E-06
1.987e-05 7.712E-06
1.988e-05 7.706E-06
1.989e-05 7.717E-06
1.99e-05 7.702E-06
1.991e-05 7.683E-06
1.992e-05 7.634E-06
1.993e-05 7.521E-06
1.994e-05 7.333E-06
1.995e-05 6.956E-06
1.996e-05 6.484E-06
1.997e-05 6.841E-06
1.998e-05 7.396E-06
1.999e-05 7.799E-06
2e-05 7.974E-06
2.001e-05 7.561E-06
2.002e-05 6.909E-06
2.003e-05 6.520E-06
2.004e-05 6.468E-06
2.005e-05 6.425E-06
2.006e-05 6.372E-06
2.007e-05 6.319E-06
2.008e-05 6.265E-06
2.009e-05 6.221E-06
2.01e-05 6.177E-06
2.011e-05 6.131E-06
2.012e-05 6.414E-06
2.013e-05 6.862E-06
2.014e-05 7.053E-06
2.015e-05 7.147E-06
2.016e-05 7.161E-06
2.017e-05 7.143E-06
2.018e-05 7.109E-06
2.019e-05 7.074E-06
2.02e-05 7.004E-06
2.021e-05 6.901E-06
2.022e-05 6.787E-06
2.023e-05 6.679E-06
2.024e-05 6.546E-06
2.025e-05 6.381E-06
2.026e-05 6.189E-06
2.027e-05 5.892E-06
2.028e-05 5.606E-06
2.029e-05 5.986E-06
2.03e-05 6.187E-06
2.031e-05 6.274E-06
2.032e-05 6.314E-06
2.033e-05 6.304E-06
2.034e-05 6.276E-06
2.035e-05 6.251E-06
2.036e-05 6.183E-06
2.037e-05 5.994E-06
2.038e-05 5.283E-06
2.039e-05 5.051E-06
2.04e-05 5.023E-06
2.041e-05 4.995E-06
2.042e-05 4.968E-06
2.043e-05 4.963E-06
2.044e-05 5.602E-06
2.045e-05 5.740E-06
2.046e-05 5.773E-06
2.047e-05 5.793E-06
2.048e-05 5.814E-06
2.049e-05 5.833E-06
2.05e-05 5.844E-06
2.051e-05 5.847E-06
2.052e-05 5.869E-06
2.053e-05 5.860E-06
2.054e-05 5.783E-06
2.055e-05 5.698E-06
2.056e-05 5.604E-06
2.057e-05 5.476E-06
2.058e-05 5.265E-06
2.059e-05 4.602E-06
2.06e-05 4.824E-06
2.061e-05 4.820E-06
2.062e-05 4.827E-06
2.063e-05 4.814E-06
2.064e-05 4.812E-06
2.065e-05 4.810E-06
2.066e-05 4.809E-06
2.067e-05 4.808E-06
2.068e-05 5.591E-06
2.069e-05 5.855E-06
2.07e-05 5.952E-06
2.071e-05 5.970E-06
2.072e-05 5.928E-06
2.073e-05 5.881E-06
2.074e-05 5.845E-06
2.075e-05 5.807E-06
2.076e-05 5.776E-06
2.077e-05 5.734E-06
2.078e-05 5.687E-06
2.079e-05 5.713E-06
2.08e-05 5.762E-06
2.081e-05 5.803E-06
2.082e-05 5.859E-06
2.083e-05 5.857E-06
2.084e-05 5.784E-06
2.085e-05 5.695E-06
2.086e-05 5.573E-06
2.087e-05 5.433E-06
2.088e-05 5.443E-06
2.089e-05 5.546E-06
2.09e-05 5.597E-06
2.091e-05 5.640E-06
2.092e-05 5.640E-06
2.093e-05 5.576E-06
2.094e-05 5.487E-06
2.095e-05 5.402E-06
2.096e-05 5.249E-06
2.097e-05 4.847E-06
2.098e-05 4.589E-06
2.099e-05 4.573E-06
2.1e-05 4.568E-06
2.101e-05 4.562E-06
2.102e-05 4.547E-06
2.103e-05 4.999E-06
2.104e-05 5.350E-06
2.105e-05 5.500E-06
2.106e-05 5.582E-06
2.107e-05 5.636E-06
2.108e-05 5.704E-06
2.109e-05 5.719E-06
2.11e-05 5.654E-06
2.111e-05 5.531E-06
2.112e-05 5.372E-06
2.113e-05 5.079E-06
2.114e-05 4.419E-06
2.115e-05 4.412E-06
2.116e-05 4.406E-06
2.117e-05 4.397E-06
2.118e-05 4.380E-06
2.119e-05 4.371E-06
2.12e-05 4.363E-06
2.121e-05 4.345E-06
2.122e-05 4.336E-06
2.123e-05 4.328E-06
2.124e-05 4.319E-06
2.125e-05 4.300E-06
2.126e-05 4.303E-06
2.127e-05 4.306E-06
2.128e-05 4.260E-06
2.129e-05 4.779E-06
2.13e-05 4.994E-06
2.131e-05 5.106E-06
2.132e-05 5.134E-06
2.133e-05 5.096E-06
2.134e-05 4.978E-06
2.135e-05 4.780E-06
2.136e-05 4.745E-06
2.137e-05 4.987E-06
2.138e-05 5.196E-06
2.139e-05 5.359E-06
2.14e-05 5.487E-06
2.141e-05 5.501E-06
2.142e-05 5.400E-06
2.143e-05 5.228E-06
2.144e-05 4.808E-06
2.145e-05 4.260E-06
2.146e-05 4.265E-06
2.147e-05 4.744E-06
2.148e-05 5.124E-06
2.149e-05 5.362E-06
2.15e-05 5.470E-06
2.151e-05 5.347E-06
2.152e-05 4.879E-06
2.153e-05 4.255E-06
2.154e-05 4.259E-06
2.155e-05 4.251E-06
2.156e-05 4.250E-06
2.157e-05 5.252E-06
2.158e-05 5.566E-06
2.159e-05 5.724E-06
2.16e-05 5.765E-06
2.161e-05 5.685E-06
2.162e-05 5.550E-06
2.163e-05 5.400E-06
2.164e-05 5.255E-06
2.165e-05 5.154E-06
2.166e-05 5.155E-06
2.167e-05 5.132E-06
2.168e-05 5.133E-06
2.169e-05 5.272E-06
2.17e-05 5.456E-06
2.171e-05 5.619E-06
2.172e-05 5.774E-06
2.173e-05 5.871E-06
2.174e-05 5.841E-06
2.175e-05 5.735E-06
2.176e-05 5.570E-06
2.177e-05 5.254E-06
2.178e-05 4.760E-06
2.179e-05 4.875E-06
2.18e-05 5.154E-06
2.181e-05 5.300E-06
2.182e-05 5.470E-06
2.183e-05 5.514E-06
2.184e-05 5.264E-06
2.185e-05 4.364E-06
2.186e-05 4.113E-06
2.187e-05 4.113E-06
2.188e-05 4.095E-06
2.189e-05 4.096E-06
2.19e-05 4.097E-06
2.191e-05 4.087E-06
2.192e-05 4.079E-06
2.193e-05 4.068E-06
2.194e-05 4.069E-06
2.195e-05 4.050E-06
2.196e-05 4.051E-06
2.197e-05 4.033E-06
2.198e-05 4.928E-06
2.199e-05 5.337E-06
2.2e-05 5.583E-06
2.201e-05 5.774E-06
2.202e-05 5.853E-06
2.203e-05 5.843E-06
2.204e-05 5.786E-06
2.205e-05 5.682E-06
2.206e-05 5.565E-06
2.207e-05 5.517E-06
2.208e-05 5.560E-06
2.209e-05 5.625E-06
2.21e-05 5.695E-06
2.211e-05 5.787E-06
2.212e-05 5.772E-06
2.213e-05 5.606E-06
2.214e-05 5.359E-06
2.215e-05 5.033E-06
2.216e-05 4.437E-06
2.217e-05 3.644E-06
2.218e-05 3.626E-06
2.219e-05 3.601E-06
2.22e-05 3.584E-06
2.221e-05 3.567E-06
2.222e-05 3.549E-06
2.223e-05 3.532E-06
2.224e-05 3.508E-06
2.225e-05 3.491E-06
2.226e-05 3.484E-06
2.227e-05 3.469E-06
2.228e-05 3.454E-06
2.229e-05 3.438E-06
2.23e-05 3.720E-06
2.231e-05 4.893E-06
2.232e-05 5.341E-06
2.233e-05 5.607E-06
2.234e-05 5.815E-06
2.235e-05 6.025E-06
2.236e-05 6.177E-06
2.237e-05 6.143E-06
2.238e-05 5.950E-06
2.239e-05 5.564E-06
2.24e-05 4.639E-06
2.241e-05 3.357E-06
2.242e-05 3.354E-06
2.243e-05 3.360E-06
2.244e-05 3.362E-06
2.245e-05 3.941E-06
2.246e-05 4.811E-06
2.247e-05 4.878E-06
2.248e-05 4.278E-06
2.249e-05 3.373E-06
2.25e-05 3.381E-06
2.251e-05 3.367E-06
2.252e-05 3.376E-06
2.253e-05 3.375E-06
2.254e-05 3.377E-06
2.255e-05 3.389E-06
2.256e-05 3.402E-06
2.257e-05 3.423E-06
2.258e-05 3.434E-06
2.259e-05 3.448E-06
2.26e-05 3.462E-06
2.261e-05 3.476E-06
2.262e-05 3.496E-06
2.263e-05 3.510E-06
2.264e-05 3.540E-06
2.265e-05 3.548E-06
2.266e-05 3.562E-06
2.267e-05 3.576E-06
2.268e-05 3.591E-06
2.269e-05 3.614E-06
2.27e-05 3.622E-06
2.271e-05 3.637E-06
2.272e-05 3.660E-06
2.273e-05 3.675E-06
2.274e-05 3.692E-06
2.275e-05 3.707E-06
2.276e-05 3.706E-06
2.277e-05 3.721E-06
2.278e-05 3.730E-06
2.279e-05 3.738E-06
2.28e-05 3.747E-06
2.281e-05 3.755E-06
2.282e-05 3.771E-06
2.283e-05 3.780E-06
2.284e-05 3.790E-06
2.285e-05 3.799E-06
2.286e-05 3.815E-06
2.287e-05 3.824E-06
2.288e-05 3.844E-06
2.289e-05 3.860E-06
2.29e-05 3.864E-06
2.291e-05 3.881E-06
2.292e-05 3.900E-06
2.293e-05 3.917E-06
2.294e-05 3.929E-06
2.295e-05 3.932E-06
2.296e-05 3.934E-06
2.297e-05 3.941E-06
2.298e-05 3.937E-06
2.299e-05 3.933E-06
2.3e-05 3.950E-06
2.301e-05 3.946E-06
2.302e-05 4.705E-06
2.303e-05 6.258E-06
2.304e-05 5.918E-06
2.305e-05 3.961E-06
2.306e-05 3.959E-06
2.307e-05 3.969E-06
2.308e-05 3.968E-06
2.309e-05 3.974E-06
2.31e-05 3.981E-06
2.311e-05 3.999E-06
2.312e-05 4.006E-06
2.313e-05 4.013E-06
2.314e-05 4.028E-06
2.315e-05 4.042E-06
2.316e-05 6.853E-06
2.317e-05 9.277E-06
2.318e-05 1.098E-05
2.319e-05 1.226E-05
2.32e-05 1.270E-05
2.321e-05 1.250E-05
2.322e-05 1.209E-05
2.323e-05 1.169E-05
2.324e-05 1.118E-05
2.325e-05 1.057E-05
2.326e-05 1.008E-05
2.327e-05 9.675E-06
2.328e-05 9.119E-06
2.329e-05 8.343E-06
2.33e-05 7.323E-06
2.331e-05 6.214E-06
2.332e-05 5.297E-06
2.333e-05 4.094E-06
2.334e-05 4.410E-06
2.335e-05 4.440E-06
2.336e-05 4.467E-06
2.337e-05 4.498E-06
2.338e-05 4.518E-06
2.339e-05 3.340E-06
2.34e-05 5.078E-06
2.341e-05 5.902E-06
2.342e-05 6.329E-06
2.343e-05 6.342E-06
2.344e-05 6.252E-06
2.345e-05 6.465E-06
2.346e-05 6.289E-06
2.347e-05 3.584E-06
2.348e-05 4.790E-06
2.349e-05 4.823E-06
2.35e-05 4.849E-06
2.351e-05 4.880E-06
2.352e-05 4.912E-06
2.353e-05 4.948E-06
2.354e-05 4.984E-06
2.355e-05 5.021E-06
2.356e-05 5.051E-06
2.357e-05 5.084E-06
2.358e-05 5.120E-06
2.359e-05 5.165E-06
2.36e-05 5.209E-06
2.361e-05 5.253E-06
2.362e-05 5.297E-06
2.363e-05 5.334E-06
2.364e-05 5.381E-06
2.365e-05 5.423E-06
2.366e-05 5.469E-06
2.367e-05 5.510E-06
2.368e-05 5.560E-06
2.369e-05 6.718E-06
2.37e-05 9.059E-06
2.371e-05 1.063E-05
2.372e-05 1.193E-05
2.373e-05 1.301E-05
2.374e-05 1.373E-05
2.375e-05 1.379E-05
2.376e-05 1.245E-05
2.377e-05 8.287E-06
2.378e-05 6.062E-06
2.379e-05 6.122E-06
2.38e-05 6.189E-06
2.381e-05 6.255E-06
2.382e-05 6.326E-06
2.383e-05 6.402E-06
2.384e-05 1.106E-05
2.385e-05 1.448E-05
2.386e-05 1.614E-05
2.387e-05 1.681E-05
2.388e-05 1.680E-05
2.389e-05 1.637E-05
2.39e-05 1.605E-05
2.391e-05 1.571E-05
2.392e-05 1.469E-05
2.393e-05 1.272E-05
2.394e-05 9.466E-06
2.395e-05 7.316E-06
2.396e-05 7.397E-06
2.397e-05 7.477E-06
2.398e-05 7.557E-06
2.399e-05 7.642E-06
2.4e-05 4.201E-06
2.401e-05 1.293E-05
2.402e-05 1.673E-05
2.403e-05 1.916E-05
2.404e-05 1.979E-05
2.405e-05 1.911E-05
2.406e-05 1.840E-05
2.407e-05 1.796E-05
2.408e-05 1.747E-05
2.409e-05 1.691E-05
2.41e-05 1.654E-05
2.411e-05 1.648E-05
2.412e-05 1.635E-05
2.413e-05 1.622E-05
2.414e-05 1.606E-05
2.415e-05 1.612E-05
2.416e-05 1.638E-05
2.417e-05 1.694E-05
2.418e-05 1.760E-05
2.419e-05 1.822E-05
2.42e-05 1.832E-05
2.421e-05 1.773E-05
2.422e-05 1.592E-05
2.423e-05 1.155E-05
2.424e-05 9.692E-06
2.425e-05 9.833E-06
2.426e-05 9.940E-06
2.427e-05 1.008E-05
2.428e-05 1.018E-05
2.429e-05 1.033E-05
2.43e-05 1.047E-05
2.431e-05 1.532E-05
2.432e-05 1.872E-05
2.433e-05 1.996E-05
2.434e-05 2.002E-05
2.435e-05 1.959E-05
2.436e-05 1.889E-05
2.437e-05 1.796E-05
2.438e-05 1.719E-05
2.439e-05 1.700E-05
2.44e-05 1.739E-05
2.441e-05 1.796E-05
2.442e-05 1.840E-05
2.443e-05 1.863E-05
2.444e-05 1.899E-05
2.445e-05 2.014E-05
2.446e-05 2.185E-05
2.447e-05 2.346E-05
2.448e-05 2.486E-05
2.449e-05 2.629E-05
2.45e-05 2.759E-05
2.451e-05 2.801E-05
2.452e-05 2.723E-05
2.453e-05 2.578E-05
2.454e-05 2.439E-05
2.455e-05 2.299E-05
2.456e-05 2.123E-05
2.457e-05 1.898E-05
2.458e-05 1.631E-05
2.459e-05 1.215E-05
2.46e-05 1.657E-05
2.461e-05 1.694E-05
2.462e-05 1.726E-05
2.463e-05 1.763E-05
2.464e-05 8.451E-06
2.465e-05 2.111E-05
2.466e-05 2.795E-05
2.467e-05 3.268E-05
2.468e-05 3.568E-05
2.469e-05 3.696E-05
2.47e-05 3.688E-05
2.471e-05 3.547E-05
2.472e-05 3.307E-05
2.473e-05 2.971E-05
2.474e-05 2.624E-05
2.475e-05 2.325E-05
2.476e-05 2.144E-05
2.477e-05 2.046E-05
2.478e-05 1.979E-05
2.479e-05 1.838E-05
2.48e-05 1.663E-05
2.481e-05 1.695E-05
2.482e-05 2.002E-05
2.483e-05 2.329E-05
2.484e-05 2.621E-05
2.485e-05 2.937E-05
2.486e-05 3.313E-05
2.487e-05 3.510E-05
2.488e-05 3.362E-05
2.489e-05 2.864E-05
2.49e-05 2.149E-05
2.491e-05 3.611E-06
2.492e-05 4.674E-05
2.493e-05 4.906E-05
2.494e-05 5.196E-05
2.495e-05 5.518E-05
2.496e-05 5.883E-05
2.497e-05 6.215E-05
2.498e-05 6.592E-05
2.499e-05 7.010E-05
2.5e-05 7.440E-05
2.501e-05 7.997E-05
2.502e-05 8.519E-05
2.503e-05 9.091E-05
2.504e-05 9.713E-05
2.505e-05 1.046E-04
2.506e-05 1.103E-04
2.507e-05 1.180E-04
2.508e-05 1.258E-04
2.509e-05 1.347E-04
2.51e-05 1.432E-04
2.511e-05 1.532E-04
2.512e-05 2.696E-05
2.513e-05 3.648E-05
2.514e-05 4.109E-05
2.515e-05 4.286E-05
2.516e-05 4.228E-05
2.517e-05 4.239E-05
2.518e-05 4.968E-05
2.519e-05 6.479E-05
2.52e-05 8.182E-05
2.521e-05 9.825E-05
2.522e-05 1.148E-04
2.523e-05 1.320E-04
2.524e-05 1.466E-04
2.525e-05 1.558E-04
2.526e-05 1.599E-04
2.527e-05 1.612E-04
2.528e-05 1.625E-04
2.529e-05 1.642E-04
2.53e-05 1.661E-04
2.531e-05 1.666E-04
2.532e-05 1.621E-04
2.533e-05 1.532E-04
2.534e-05 1.433E-04
2.535e-05 1.326E-04
2.536e-05 1.181E-04
2.537e-05 1.012E-04
2.538e-05 9.522E-05
2.539e-05 1.098E-04
2.54e-05 1.297E-04
2.541e-05 1.443E-04
2.542e-05 1.541E-04
2.543e-05 1.624E-04
2.544e-05 1.712E-04
2.545e-05 1.811E-04
2.546e-05 1.915E-04
2.547e-05 2.009E-04
2.548e-05 2.085E-04
2.549e-05 2.145E-04
2.55e-05 2.198E-04
2.551e-05 2.252E-04
2.552e-05 2.287E-04
2.553e-05 2.323E-04
2.554e-05 2.354E-04
2.555e-05 2.373E-04
2.556e-05 2.390E-04
2.557e-05 2.385E-04
2.558e-05 2.370E-04
2.559e-05 2.341E-04
2.56e-05 2.301E-04
2.561e-05 2.263E-04
2.562e-05 2.230E-04
2.563e-05 2.201E-04
2.564e-05 2.173E-04
2.565e-05 2.145E-04
2.566e-05 2.121E-04
2.567e-05 2.095E-04
2.568e-05 2.083E-04
2.569e-05 2.068E-04
2.57e-05 2.039E-04
2.571e-05 1.978E-04
2.572e-05 1.900E-04
2.573e-05 1.823E-04
2.574e-05 1.745E-04
2.575e-05 1.664E-04
2.576e-05 1.577E-04
2.577e-05 1.526E-04
2.578e-05 1.534E-04
2.579e-05 1.566E-04
2.58e-05 1.590E-04
2.581e-05 1.603E-04
2.582e-05 1.622E-04
2.583e-05 1.640E-04
2.584e-05 1.649E-04
2.585e-05 1.641E-04
2.586e-05 1.624E-04
2.587e-05 1.612E-04
2.588e-05 1.603E-04
2.589e-05 1.590E-04
2.59e-05 1.580E-04
2.591e-05 1.561E-04
2.592e-05 1.532E-04
2.593e-05 1.499E-04
2.594e-05 1.468E-04
2.595e-05 1.434E-04
2.596e-05 1.405E-04
2.597e-05 1.384E-04
2.598e-05 1.368E-04
2.599e-05 1.363E-04
2.6e-05 1.359E-04
2.601e-05 1.351E-04
2.602e-05 1.348E-04
2.603e-05 1.352E-04
2.604e-05 1.360E-04
2.605e-05 1.376E-04
2.606e-05 1.395E-04
2.607e-05 1.421E-04
2.608e-05 1.459E-04
2.609e-05 1.487E-04
2.61e-05 1.499E-04
2.611e-05 1.483E-04
2.612e-05 1.448E-04
2.613e-05 1.404E-04
2.614e-05 1.350E-04
2.615e-05 1.293E-04
2.616e-05 1.234E-04
2.617e-05 1.176E-04
2.618e-05 1.124E-04
2.619e-05 1.079E-04
2.62e-05 1.035E-04
2.621e-05 9.912E-05
2.622e-05 9.294E-05
2.623e-05 8.551E-05
2.624e-05 8.050E-05
2.625e-05 8.171E-05
2.626e-05 8.775E-05
2.627e-05 9.408E-05
2.628e-05 9.870E-05
2.629e-05 1.033E-04
2.63e-05 1.083E-04
2.631e-05 1.126E-04
2.632e-05 1.146E-04
2.633e-05 1.145E-04
2.634e-05 1.144E-04
2.635e-05 1.143E-04
2.636e-05 1.147E-04
2.637e-05 1.151E-04
2.638e-05 1.146E-04
2.639e-05 1.159E-04
2.64e-05 1.174E-04
2.641e-05 1.198E-04
2.642e-05 1.213E-04
2.643e-05 1.227E-04
2.644e-05 1.240E-04
2.645e-05 1.234E-04
2.646e-05 1.210E-04
2.647e-05 1.159E-04
2.648e-05 1.084E-04
2.649e-05 9.937E-05
2.65e-05 9.015E-05
2.651e-05 7.990E-05
2.652e-05 6.808E-05
2.653e-05 5.401E-05
2.654e-05 3.567E-05
2.655e-05 1.431E-04
2.656e-05 1.440E-04
2.657e-05 1.454E-04
2.658e-05 1.470E-04
2.659e-05 1.486E-04
2.66e-05 1.493E-04
2.661e-05 1.501E-04
2.662e-05 1.517E-04
2.663e-05 1.531E-04
2.664e-05 1.539E-04
2.665e-05 1.555E-04
2.666e-05 3.130E-05
2.667e-05 3.961E-05
2.668e-05 4.305E-05
2.669e-05 4.503E-05
2.67e-05 4.688E-05
2.671e-05 4.966E-05
2.672e-05 5.281E-05
2.673e-05 5.381E-05
2.674e-05 5.032E-05
2.675e-05 4.215E-05
2.676e-05 3.085E-05
2.677e-05 1.481E-05
2.678e-05 1.502E-04
2.679e-05 1.495E-04
2.68e-05 1.496E-04
2.681e-05 1.489E-04
2.682e-05 1.482E-04
2.683e-05 1.469E-04
2.684e-05 1.447E-04
2.685e-05 1.432E-04
2.686e-05 1.410E-04
2.687e-05 1.395E-04
2.688e-05 1.375E-04
2.689e-05 2.087E-05
2.69e-05 3.136E-05
2.691e-05 3.879E-05
2.692e-05 4.424E-05
2.693e-05 4.863E-05
2.694e-05 5.280E-05
2.695e-05 5.690E-05
2.696e-05 6.116E-05
2.697e-05 6.552E-05
2.698e-05 6.965E-05
2.699e-05 7.350E-05
2.7e-05 7.636E-05
2.701e-05 7.695E-05
2.702e-05 7.712E-05
2.703e-05 7.623E-05
2.704e-05 7.465E-05
2.705e-05 7.274E-05
2.706e-05 7.062E-05
2.707e-05 6.857E-05
2.708e-05 6.658E-05
2.709e-05 6.454E-05
2.71e-05 6.243E-05
2.711e-05 6.038E-05
2.712e-05 5.827E-05
2.713e-05 5.620E-05
2.714e-05 5.419E-05
2.715e-05 5.214E-05
2.716e-05 5.009E-05
2.717e-05 4.802E-05
2.718e-05 4.407E-05
2.719e-05 3.938E-05
2.72e-05 3.517E-05
2.721e-05 3.140E-05
2.722e-05 2.789E-05
2.723e-05 2.474E-05
2.724e-05 2.207E-05
2.725e-05 1.993E-05
2.726e-05 1.815E-05
2.727e-05 1.660E-05
2.728e-05 1.512E-05
2.729e-05 1.373E-05
2.73e-05 1.241E-05
2.731e-05 1.122E-05
2.732e-05 1.018E-05
2.733e-05 9.200E-06
2.734e-05 8.292E-06
2.735e-05 7.485E-06
2.736e-05 6.693E-06
2.737e-05 5.949E-06
2.738e-05 5.282E-06
2.739e-05 4.687E-06
2.74e-05 4.167E-06
2.741e-05 3.730E-06
2.742e-05 3.331E-06
2.743e-05 2.974E-06
2.744e-05 2.652E-06
2.745e-05 2.354E-06
2.746e-05 2.083E-06
2.747e-05 1.843E-06
2.748e-05 1.616E-06
2.749e-05 1.416E-06
2.75e-05 1.236E-06
2.751e-05 1.077E-06
2.752e-05 9.399E-07
2.753e-05 8.220E-07
2.754e-05 7.742E-07
2.755e-05 7.511E-07
2.756e-05 7.277E-07
2.757e-05 7.104E-07
2.758e-05 6.943E-07
2.759e-05 6.761E-07
2.76e-05 6.616E-07
2.761e-05 6.404E-07
2.762e-05 6.202E-07
2.763e-05 6.004E-07
2.764e-05 5.793E-07
2.765e-05 5.556E-07
2.766e-05 5.336E-07
2.767e-05 5.129E-07
2.768e-05 4.934E-07
2.769e-05 4.740E-07
2.77e-05 4.536E-07
2.771e-05 4.350E-07
2.772e-05 4.351E-07
2.773e-05 4.617E-07
2.774e-05 4.902E-07
2.775e-05 5.211E-07
2.776e-05 5.515E-07
2.777e-05 5.863E-07
2.778e-05 6.224E-07
2.779e-05 6.602E-07
2.78e-05 7.013E-07
2.781e-05 7.463E-07
2.782e-05 7.895E-07
2.783e-05 8.383E-07
2.784e-05 8.922E-07
2.785e-05 9.469E-07
2.786e-05 1.006E-06
2.787e-05 1.075E-06
2.788e-05 1.148E-06
2.789e-05 1.234E-06
2.79e-05 1.312E-06
2.791e-05 1.410E-06
2.792e-05 1.516E-06
2.793e-05 1.629E-06
2.794e-05 1.741E-06
2.795e-05 1.864E-06
2.796e-05 1.989E-06
2.797e-05 2.116E-06
2.798e-05 2.268E-06
2.799e-05 2.420E-06
2.8e-05 2.563E-06
2.805e-05 2.807E-06
2.81e-05 3.637E-06
2.815e-05 4.272E-06
2.82e-05 5.019E-06
2.825e-05 5.905E-06
2.83e-05 6.525E-06
2.835e-05 6.691E-06
2.84e-05 6.822E-06
2.845e-05 7.801E-06
2.85e-05 8.414E-06
2.855e-05 8.628E-06
