4.626e-06 0.000067
4.63e-06 0.000065
4.634e-06 0.000070
4.638e-06 0.000079
4.642e-06 0.000091
4.646e-06 0.000100
4.651e-06 0.000105
4.655e-06 0.000103
4.659e-06 0.000100
4.663e-06 0.000091
4.667e-06 0.000073
4.672e-06 0.000064
4.676e-06 0.000074
4.68e-06 0.000078
4.684e-06 0.000070
4.688e-06 0.000065
4.693e-06 0.000071
4.697e-06 0.000079
4.701e-06 0.000072
4.706e-06 0.000050
4.71e-06 0.000024
4.714e-06 0.000005
4.718e-06 0.000010
4.723e-06 0.000022
4.727e-06 0.000014
4.731e-06 0.000072
4.736e-06 0.000075
4.74e-06 0.000065
4.744e-06 0.000046
4.749e-06 0.000036
4.753e-06 0.000029
4.757e-06 0.000031
4.762e-06 0.000068
4.766e-06 0.000077
4.77e-06 0.000091
4.775e-06 0.000101
4.779e-06 0.000103
4.784e-06 0.000103
4.788e-06 0.000108
4.792e-06 0.000103
4.797e-06 0.000089
4.801e-06 0.000077
4.806e-06 0.000074
4.81e-06 0.000068
4.815e-06 0.000067
4.819e-06 0.000074
4.824e-06 0.000075
4.828e-06 0.000064
4.833e-06 0.000054
4.837e-06 0.000057
4.842e-06 0.000066
4.846e-06 0.000081
4.851e-06 0.000106
4.855e-06 0.000127
4.86e-06 0.000132
4.864e-06 0.000118
4.869e-06 0.000088
4.874e-06 0.000057
4.878e-06 0.000040
4.883e-06 0.000064
4.887e-06 0.000123
4.892e-06 0.000200
4.897e-06 0.000290
4.901e-06 0.000418
4.906e-06 0.000582
4.91e-06 0.000047
4.915e-06 0.000160
4.92e-06 0.000351
4.924e-06 0.000669
4.929e-06 0.001159
4.934e-06 0.001900
4.939e-06 0.003030
4.943e-06 0.004231
4.948e-06 0.006523
4.953e-06 0.009625
4.957e-06 0.013520
4.962e-06 0.018150
4.967e-06 0.023320
4.972e-06 0.028810
4.976e-06 0.034550
4.981e-06 0.040360
4.986e-06 0.046150
4.991e-06 0.051910
4.996e-06 0.057520
5e-06 0.063040
5.005e-06 0.068450
5.01e-06 0.073600
5.015e-06 0.078550
5.02e-06 0.083160
5.025e-06 0.087200
5.03e-06 0.090530
5.034e-06 0.092920
5.039e-06 0.094310
5.044e-06 0.094720
5.049e-06 0.094310
5.054e-06 0.093580
5.059e-06 0.092840
5.064e-06 0.092490
5.069e-06 0.092930
5.074e-06 0.094190
5.079e-06 0.096370
5.084e-06 0.099370
5.089e-06 0.102800
5.094e-06 0.106500
5.099e-06 0.110100
5.104e-06 0.113500
5.109e-06 0.116300
5.114e-06 0.118500
5.119e-06 0.120200
5.124e-06 0.121300
5.129e-06 0.121800
5.134e-06 0.122000
5.139e-06 0.121800
5.144e-06 0.121600
5.149e-06 0.121200
5.155e-06 0.120600
5.16e-06 0.120100
5.165e-06 0.119700
5.17e-06 0.119200
5.175e-06 0.118900
5.18e-06 0.118700
5.185e-06 0.118600
5.191e-06 0.118800
5.196e-06 0.119400
5.201e-06 0.120400
5.206e-06 0.121700
5.212e-06 0.123500
5.217e-06 0.125500
5.222e-06 0.127700
5.227e-06 0.129700
5.233e-06 0.131600
5.238e-06 0.133400
5.243e-06 0.134500
5.248e-06 0.135000
5.254e-06 0.135100
5.259e-06 0.134600
5.264e-06 0.133600
5.27e-06 0.132300
5.275e-06 0.130700
5.281e-06 0.128600
5.286e-06 0.126500
5.291e-06 0.124900
5.297e-06 0.123300
5.302e-06 0.122200
5.308e-06 0.122100
5.313e-06 0.122700
5.318e-06 0.124100
5.324e-06 0.126100
5.329e-06 0.128600
5.335e-06 0.131400
5.34e-06 0.134000
5.346e-06 0.136600
5.351e-06 0.138800
5.357e-06 0.140200
5.362e-06 0.141200
5.368e-06 0.142000
5.374e-06 0.142500
5.379e-06 0.142800
5.385e-06 0.143200
5.39e-06 0.143600
5.396e-06 0.143600
5.402e-06 0.143600
5.407e-06 0.143600
5.413e-06 0.143300
5.418e-06 0.143300
5.424e-06 0.143000
5.43e-06 0.142400
5.436e-06 0.141900
5.441e-06 0.141800
5.447e-06 0.141700
5.453e-06 0.141400
5.458e-06 0.141200
5.464e-06 0.141200
5.47e-06 0.141100
5.476e-06 0.141000
5.481e-06 0.141200
5.487e-06 0.141200
5.493e-06 0.141000
5.499e-06 0.141000
5.505e-06 0.141000
5.511e-06 0.140500
5.516e-06 0.140300
5.522e-06 0.140400
5.528e-06 0.140400
5.534e-06 0.141000
5.54e-06 0.141900
5.546e-06 0.143500
5.552e-06 0.145500
5.558e-06 0.147400
5.564e-06 0.149100
5.57e-06 0.150600
5.576e-06 0.151800
5.582e-06 0.152300
5.588e-06 0.152100
5.594e-06 0.151700
5.6e-06 0.151300
5.606e-06 0.150800
5.612e-06 0.150200
5.618e-06 0.149700
5.624e-06 0.149400
5.63e-06 0.149400
5.636e-06 0.149800
5.643e-06 0.150400
5.649e-06 0.151100
5.655e-06 0.152100
5.661e-06 0.153200
5.667e-06 0.154300
5.673e-06 0.155700
5.68e-06 0.156500
5.686e-06 0.156900
5.692e-06 0.157200
5.698e-06 0.156700
5.705e-06 0.156300
5.711e-06 0.156000
5.717e-06 0.155300
5.723e-06 0.155400
5.73e-06 0.156100
5.736e-06 0.157200
5.742e-06 0.159000
5.749e-06 0.160700
5.755e-06 0.161800
5.762e-06 0.163000
5.768e-06 0.163400
5.774e-06 0.162300
5.781e-06 0.161300
5.787e-06 0.160000
5.794e-06 0.158500
5.8e-06 0.158100
5.807e-06 0.158000
5.813e-06 0.158500
5.82e-06 0.159800
5.826e-06 0.160800
5.833e-06 0.161600
5.839e-06 0.162400
5.846e-06 0.163000
5.853e-06 0.163500
5.859e-06 0.164000
5.866e-06 0.164200
5.873e-06 0.164600
5.879e-06 0.165600
5.886e-06 0.165700
5.893e-06 0.165900
5.899e-06 0.166500
5.906e-06 0.166000
5.913e-06 0.165600
5.919e-06 0.165200
5.926e-06 0.164300
5.933e-06 0.164200
5.94e-06 0.163900
5.947e-06 0.163700
5.953e-06 0.164000
5.96e-06 0.165000
5.967e-06 0.166800
5.974e-06 0.168100
5.981e-06 0.168700
5.988e-06 0.169800
5.995e-06 0.169900
6.002e-06 0.168800
6.009e-06 0.168100
6.016e-06 0.167100
6.023e-06 0.165800
6.03e-06 0.164700
6.037e-06 0.164200
6.044e-06 0.164900
6.051e-06 0.165700
6.058e-06 0.165500
6.065e-06 0.166300
6.072e-06 0.167600
6.079e-06 0.167400
6.086e-06 0.166900
6.093e-06 0.166700
6.101e-06 0.165800
6.108e-06 0.164700
6.115e-06 0.163700
6.122e-06 0.162000
6.129e-06 0.160400
6.137e-06 0.159500
6.144e-06 0.159000
6.151e-06 0.158700
6.159e-06 0.158800
6.166e-06 0.159100
6.173e-06 0.159400
6.181e-06 0.160500
6.188e-06 0.161900
6.195e-06 0.162700
6.203e-06 0.163600
6.21e-06 0.164100
6.218e-06 0.163400
6.225e-06 0.162000
6.233e-06 0.159800
6.24e-06 0.156800
6.248e-06 0.153700
6.255e-06 0.151200
6.263e-06 0.149300
6.27e-06 0.148500
6.278e-06 0.149000
6.285e-06 0.150400
6.293e-06 0.152900
6.301e-06 0.155700
6.308e-06 0.157900
6.316e-06 0.159500
6.324e-06 0.160500
6.331e-06 0.160500
6.339e-06 0.160400
6.347e-06 0.160000
6.355e-06 0.158500
6.363e-06 0.156900
6.37e-06 0.153900
6.378e-06 0.148000
6.386e-06 0.140300
6.394e-06 0.130600
6.402e-06 0.119700
6.41e-06 0.109500
6.418e-06 0.099760
6.426e-06 0.090160
6.434e-06 0.080700
6.442e-06 0.070250
6.45e-06 0.058410
6.458e-06 0.045630
6.466e-06 0.033190
6.474e-06 0.022530
6.482e-06 0.014270
6.49e-06 0.008504
6.498e-06 0.004826
6.506e-06 0.002741
6.514e-06 0.001650
6.523e-06 0.001036
6.531e-06 0.000657
6.539e-06 0.000441
6.547e-06 0.000320
6.556e-06 0.000218
6.564e-06 0.000133
6.572e-06 0.000090
6.581e-06 0.000141
6.589e-06 0.000160
6.597e-06 0.000187
6.606e-06 0.000088
6.614e-06 0.000108
6.623e-06 0.000084
6.631e-06 0.000191
6.64e-06 0.000128
6.648e-06 0.000086
6.657e-06 0.000084
6.665e-06 0.000104
6.674e-06 0.000113
6.682e-06 0.000096
6.691e-06 0.000029
6.7e-06 0.000015
6.708e-06 0.000041
6.717e-06 0.000046
6.726e-06 0.000074
6.734e-06 0.000120
6.743e-06 0.000056
6.752e-06 0.000070
6.761e-06 0.000060
6.77e-06 0.000160
6.778e-06 0.000128
6.787e-06 0.000067
6.796e-06 0.000125
6.805e-06 0.000138
6.814e-06 0.000174
6.823e-06 0.000051
6.832e-06 0.000094
6.841e-06 0.000106
6.85e-06 0.000100
6.859e-06 0.000088
6.868e-06 0.000074
6.877e-06 0.000069
6.886e-06 0.000086
6.896e-06 0.000118
