2.965e-06 0.000784
2.967e-06 0.000787
2.968e-06 0.000880
2.97e-06 0.000321
2.972e-06 0.000481
2.973e-06 0.000274
2.975e-06 0.000565
2.977e-06 0.000795
2.978e-06 0.000871
2.98e-06 0.000936
2.982e-06 0.001030
2.984e-06 0.001017
2.985e-06 0.000870
2.987e-06 0.000688
2.989e-06 0.000624
2.99e-06 0.000787
2.992e-06 0.001013
2.994e-06 0.001099
2.996e-06 0.001060
2.997e-06 0.000868
2.999e-06 0.000469
3.001e-06 0.000897
3.003e-06 0.000631
3.004e-06 0.000165
3.006e-06 0.000044
3.008e-06 0.000430
3.01e-06 0.000460
3.011e-06 0.000312
3.013e-06 0.000517
3.015e-06 0.000246
3.017e-06 0.000469
3.018e-06 0.000522
3.02e-06 0.000474
3.022e-06 0.000413
3.024e-06 0.000401
3.025e-06 0.000475
3.027e-06 0.000454
3.029e-06 0.000428
3.031e-06 0.000534
3.032e-06 0.000632
3.034e-06 0.000557
3.036e-06 0.000355
3.038e-06 0.000224
3.04e-06 0.000294
3.041e-06 0.000336
3.043e-06 0.000306
3.045e-06 0.000187
3.047e-06 0.000517
3.048e-06 0.000431
3.05e-06 0.000318
3.052e-06 0.000246
3.054e-06 0.000289
3.056e-06 0.000423
3.057e-06 0.000531
3.059e-06 0.000503
3.061e-06 0.000327
3.063e-06 0.000404
3.065e-06 0.000576
3.067e-06 0.000584
3.068e-06 0.000591
3.07e-06 0.000547
3.072e-06 0.000571
3.074e-06 0.000387
3.076e-06 0.000415
3.077e-06 0.000343
3.079e-06 0.000398
3.081e-06 0.000302
3.083e-06 0.000279
3.085e-06 0.000190
3.087e-06 0.000147
3.088e-06 0.000185
3.09e-06 0.000278
3.092e-06 0.000336
3.094e-06 0.000396
3.096e-06 0.000187
3.098e-06 0.000212
3.1e-06 0.000280
3.101e-06 0.000359
3.103e-06 0.000416
3.105e-06 0.000553
3.107e-06 0.000824
3.109e-06 0.001101
3.111e-06 0.001228
3.113e-06 0.001298
3.114e-06 0.001477
3.116e-06 0.001741
3.118e-06 0.001988
3.12e-06 0.002217
3.122e-06 0.002553
3.124e-06 0.003078
3.126e-06 0.003610
3.128e-06 0.003968
3.129e-06 0.004263
3.131e-06 0.004708
3.133e-06 0.005426
3.135e-06 0.006397
3.137e-06 0.007535
3.139e-06 0.008841
3.141e-06 0.010420
3.143e-06 0.012250
3.145e-06 0.014170
3.147e-06 0.016290
3.148e-06 0.018850
3.15e-06 0.022210
3.152e-06 0.026530
3.154e-06 0.031590
3.156e-06 0.037510
3.158e-06 0.044490
3.16e-06 0.052640
3.162e-06 0.062080
3.164e-06 0.072930
3.166e-06 0.085920
3.168e-06 0.100500
3.17e-06 0.116200
3.172e-06 0.134300
3.173e-06 0.153900
3.175e-06 0.174200
3.177e-06 0.195600
3.179e-06 0.217800
3.181e-06 0.238700
3.183e-06 0.258400
3.185e-06 0.278700
3.187e-06 0.297100
3.189e-06 0.312300
3.191e-06 0.326900
3.193e-06 0.339900
3.195e-06 0.349700
3.197e-06 0.357000
3.199e-06 0.363300
3.201e-06 0.367100
3.203e-06 0.367700
3.205e-06 0.368300
3.207e-06 0.368800
3.209e-06 0.367300
3.211e-06 0.365400
3.213e-06 0.362500
3.215e-06 0.359000
3.217e-06 0.356100
3.219e-06 0.353900
3.221e-06 0.351700
3.223e-06 0.347500
3.225e-06 0.344300
3.227e-06 0.343400
3.229e-06 0.341000
3.231e-06 0.339300
3.233e-06 0.338900
3.235e-06 0.338500
3.237e-06 0.339500
3.239e-06 0.340400
3.241e-06 0.341100
3.243e-06 0.342400
3.245e-06 0.344500
3.247e-06 0.348300
3.249e-06 0.351100
3.251e-06 0.353700
3.253e-06 0.357800
3.255e-06 0.361600
3.257e-06 0.365500
3.259e-06 0.370000
3.261e-06 0.373800
3.263e-06 0.377700
3.265e-06 0.381700
3.267e-06 0.384900
3.27e-06 0.388700
3.272e-06 0.393300
3.274e-06 0.396100
3.276e-06 0.399200
3.278e-06 0.402300
3.28e-06 0.403500
3.282e-06 0.405900
3.284e-06 0.407300
3.286e-06 0.406900
3.288e-06 0.407600
3.29e-06 0.408700
3.292e-06 0.409600
3.294e-06 0.409000
3.297e-06 0.408500
3.299e-06 0.408400
3.301e-06 0.406100
3.303e-06 0.405600
3.305e-06 0.405900
3.307e-06 0.403400
3.309e-06 0.402600
3.311e-06 0.402300
3.313e-06 0.401200
3.316e-06 0.401000
3.318e-06 0.399300
3.32e-06 0.396700
3.322e-06 0.396400
3.324e-06 0.397100
3.326e-06 0.397300
3.328e-06 0.397300
3.33e-06 0.396400
3.333e-06 0.396600
3.335e-06 0.398200
3.337e-06 0.398300
3.339e-06 0.398100
3.341e-06 0.398800
3.343e-06 0.398600
3.345e-06 0.398400
3.348e-06 0.398700
3.35e-06 0.399300
3.352e-06 0.399200
3.354e-06 0.398800
3.356e-06 0.398500
3.358e-06 0.397000
3.361e-06 0.397000
3.363e-06 0.397000
3.365e-06 0.395800
3.367e-06 0.396400
3.369e-06 0.395400
3.372e-06 0.392100
3.374e-06 0.393100
3.376e-06 0.394400
3.378e-06 0.393500
3.38e-06 0.393700
3.383e-06 0.393800
3.385e-06 0.393900
3.387e-06 0.395900
3.389e-06 0.397700
3.391e-06 0.400100
3.394e-06 0.402300
3.396e-06 0.403800
3.398e-06 0.407600
3.4e-06 0.410400
3.403e-06 0.412300
3.405e-06 0.416100
3.407e-06 0.418100
3.409e-06 0.419500
3.411e-06 0.423100
3.414e-06 0.425700
3.416e-06 0.425400
3.418e-06 0.426200
3.42e-06 0.428600
3.423e-06 0.429500
3.425e-06 0.430300
3.427e-06 0.430900
3.43e-06 0.428200
3.432e-06 0.425600
3.434e-06 0.425600
3.436e-06 0.424700
3.439e-06 0.422100
3.441e-06 0.419800
3.443e-06 0.417300
3.445e-06 0.415100
3.448e-06 0.413400
3.45e-06 0.411000
3.452e-06 0.409600
3.455e-06 0.408400
3.457e-06 0.406500
3.459e-06 0.406000
3.462e-06 0.405900
3.464e-06 0.405900
3.466e-06 0.406600
3.469e-06 0.406600
3.471e-06 0.406400
3.473e-06 0.407500
3.476e-06 0.409500
3.478e-06 0.411400
3.48e-06 0.413800
3.483e-06 0.416900
3.485e-06 0.419100
3.487e-06 0.422000
3.49e-06 0.425200
3.492e-06 0.427000
3.494e-06 0.429800
3.497e-06 0.433100
3.499e-06 0.435800
3.501e-06 0.439300
3.504e-06 0.441500
3.506e-06 0.441500
3.508e-06 0.442800
3.511e-06 0.446400
3.513e-06 0.449000
3.516e-06 0.450500
3.518e-06 0.451900
3.52e-06 0.452600
3.523e-06 0.453100
3.525e-06 0.453800
3.528e-06 0.454100
3.53e-06 0.455000
3.532e-06 0.455900
3.535e-06 0.455100
3.537e-06 0.453000
3.54e-06 0.452000
3.542e-06 0.452200
3.544e-06 0.451100
3.547e-06 0.449900
3.549e-06 0.449800
3.552e-06 0.449100
3.554e-06 0.448100
3.557e-06 0.446700
3.559e-06 0.445400
3.561e-06 0.445500
3.564e-06 0.445500
3.566e-06 0.445100
3.569e-06 0.443800
3.571e-06 0.442400
3.574e-06 0.441500
3.576e-06 0.441500
3.579e-06 0.442300
3.581e-06 0.442000
3.584e-06 0.441500
3.586e-06 0.442500
3.589e-06 0.444000
3.591e-06 0.445200
3.594e-06 0.446200
3.596e-06 0.447000
3.599e-06 0.447800
3.601e-06 0.447600
3.604e-06 0.447400
3.606e-06 0.447800
3.609e-06 0.447500
3.611e-06 0.448500
3.614e-06 0.449900
3.616e-06 0.449400
3.619e-06 0.449200
3.621e-06 0.448900
3.624e-06 0.448900
3.626e-06 0.449300
3.629e-06 0.447900
3.631e-06 0.446100
3.634e-06 0.445000
3.636e-06 0.443500
3.639e-06 0.442200
3.641e-06 0.441400
3.644e-06 0.439300
3.647e-06 0.437300
3.649e-06 0.436500
3.652e-06 0.434400
3.654e-06 0.432800
3.657e-06 0.433100
3.659e-06 0.431200
3.662e-06 0.428800
3.665e-06 0.428200
3.667e-06 0.427900
3.67e-06 0.428000
3.672e-06 0.428900
3.675e-06 0.428700
3.678e-06 0.427900
3.68e-06 0.428900
3.683e-06 0.431500
3.685e-06 0.432600
3.688e-06 0.432900
3.691e-06 0.434800
3.693e-06 0.437300
3.696e-06 0.439500
3.699e-06 0.441400
3.701e-06 0.443100
3.704e-06 0.444300
3.707e-06 0.446300
3.709e-06 0.450000
3.712e-06 0.453400
3.715e-06 0.455000
3.717e-06 0.455600
3.72e-06 0.456200
3.723e-06 0.457200
3.725e-06 0.458900
3.728e-06 0.460800
3.731e-06 0.461700
3.733e-06 0.461900
3.736e-06 0.462800
3.739e-06 0.463300
3.741e-06 0.463900
3.744e-06 0.464600
3.747e-06 0.464300
3.749e-06 0.463800
3.752e-06 0.462900
3.755e-06 0.462800
3.758e-06 0.463200
3.76e-06 0.461300
3.763e-06 0.459100
3.766e-06 0.458300
3.769e-06 0.458000
3.771e-06 0.456800
3.774e-06 0.455000
3.777e-06 0.454600
3.779e-06 0.454100
3.782e-06 0.452400
3.785e-06 0.450600
3.788e-06 0.450400
3.791e-06 0.450500
3.793e-06 0.449700
3.796e-06 0.449900
3.799e-06 0.449500
3.802e-06 0.448100
3.804e-06 0.449200
3.807e-06 0.449700
3.81e-06 0.447300
3.813e-06 0.446500
3.816e-06 0.446500
3.818e-06 0.445600
3.821e-06 0.444600
3.824e-06 0.442600
3.827e-06 0.440600
3.83e-06 0.440300
3.833e-06 0.438800
3.835e-06 0.436100
3.838e-06 0.435100
3.841e-06 0.433000
3.844e-06 0.429100
3.847e-06 0.426800
3.85e-06 0.424800
3.853e-06 0.422100
3.855e-06 0.420600
3.858e-06 0.419100
3.861e-06 0.417900
3.864e-06 0.418300
3.867e-06 0.419600
3.87e-06 0.421300
3.873e-06 0.423200
3.876e-06 0.425600
3.878e-06 0.428100
3.881e-06 0.430800
3.884e-06 0.433400
3.887e-06 0.436600
3.89e-06 0.439000
3.893e-06 0.440000
3.896e-06 0.438900
3.899e-06 0.435200
3.902e-06 0.429700
3.905e-06 0.419800
3.908e-06 0.404800
3.911e-06 0.386800
3.914e-06 0.363200
3.917e-06 0.334300
3.919e-06 0.301500
3.922e-06 0.265700
3.925e-06 0.229200
3.928e-06 0.193700
3.931e-06 0.160500
3.934e-06 0.130100
3.937e-06 0.103700
3.94e-06 0.081700
3.943e-06 0.063520
3.946e-06 0.049190
3.949e-06 0.038050
3.952e-06 0.029310
3.955e-06 0.022600
3.958e-06 0.017530
3.961e-06 0.013640
3.964e-06 0.010520
3.967e-06 0.008122
3.97e-06 0.006407
3.974e-06 0.005109
3.977e-06 0.004018
3.98e-06 0.003124
3.983e-06 0.002457
3.986e-06 0.002025
3.989e-06 0.001769
3.992e-06 0.001542
3.995e-06 0.001236
3.998e-06 0.000924
4.001e-06 0.000759
4.004e-06 0.000696
4.007e-06 0.000577
4.01e-06 0.000419
4.014e-06 0.000372
4.017e-06 0.000442
4.02e-06 0.000476
4.023e-06 0.000428
4.026e-06 0.000417
4.029e-06 0.000479
4.032e-06 0.000507
4.035e-06 0.000467
4.039e-06 0.000429
4.042e-06 0.000421
4.045e-06 0.000437
4.048e-06 0.000450
4.051e-06 0.000449
4.054e-06 0.000473
4.057e-06 0.000503
4.061e-06 0.000490
4.064e-06 0.000440
4.067e-06 0.000424
4.07e-06 0.000446
4.073e-06 0.000412
4.077e-06 0.000302
4.08e-06 0.000235
4.083e-06 0.000246
4.086e-06 0.000229
4.089e-06 0.000200
4.093e-06 0.000228
4.096e-06 0.000257
4.099e-06 0.000208
4.102e-06 0.000130
4.106e-06 0.000110
4.109e-06 0.000169
4.112e-06 0.000255
4.115e-06 0.000298
4.119e-06 0.000292
4.122e-06 0.000243
4.125e-06 0.000182
4.129e-06 0.000181
4.132e-06 0.000192
4.135e-06 0.000164
4.138e-06 0.000315
4.142e-06 0.000363
4.145e-06 0.000315
4.148e-06 0.000235
4.152e-06 0.000326
4.155e-06 0.000180
4.158e-06 0.000146
4.162e-06 0.000116
4.165e-06 0.000182
