5.618e-06 0.000183
5.624e-06 0.000116
5.63e-06 0.000113
5.636e-06 0.000111
5.643e-06 0.000111
5.649e-06 0.000124
5.655e-06 0.000131
5.661e-06 0.000091
5.667e-06 0.000101
5.673e-06 0.000175
5.68e-06 0.000178
5.686e-06 0.000064
5.692e-06 0.000109
5.698e-06 0.000163
5.705e-06 0.000110
5.711e-06 0.000098
5.717e-06 0.000069
5.723e-06 0.000156
5.73e-06 0.000180
5.736e-06 0.000177
5.742e-06 0.000187
5.749e-06 0.000119
5.755e-06 0.000139
5.762e-06 0.000091
5.768e-06 0.000177
5.774e-06 0.000058
5.781e-06 0.000114
5.787e-06 0.000134
5.794e-06 0.000335
5.8e-06 0.000119
5.807e-06 0.000117
5.813e-06 0.000206
5.82e-06 0.000173
5.826e-06 0.000135
5.833e-06 0.000131
5.839e-06 0.000079
5.846e-06 0.000125
5.853e-06 0.000363
5.859e-06 0.000431
5.866e-06 0.000324
5.873e-06 0.000222
5.879e-06 0.000139
5.886e-06 0.000091
5.893e-06 0.000217
5.899e-06 0.000057
5.906e-06 0.000137
5.913e-06 0.000012
5.919e-06 0.000285
5.926e-06 0.000363
5.933e-06 0.000279
5.94e-06 0.000283
5.947e-06 0.000270
5.953e-06 0.000280
5.96e-06 0.000276
5.967e-06 0.000218
5.974e-06 0.000041
5.981e-06 0.000137
5.988e-06 0.000044
5.995e-06 0.000318
6.002e-06 0.000146
6.009e-06 0.000197
6.016e-06 0.000205
6.023e-06 0.000224
6.03e-06 0.000463
6.037e-06 0.000418
6.044e-06 0.000248
6.051e-06 0.000088
6.058e-06 0.000196
6.065e-06 0.000364
6.072e-06 0.000037
6.079e-06 0.000245
6.086e-06 0.000271
6.093e-06 0.000394
6.101e-06 0.000301
6.108e-06 0.000443
6.115e-06 0.000328
6.122e-06 0.000255
6.129e-06 0.000214
6.137e-06 0.000184
6.144e-06 0.000317
6.151e-06 0.000176
6.159e-06 0.000205
6.166e-06 0.000284
6.173e-06 0.000215
6.181e-06 0.000146
6.188e-06 0.000148
6.195e-06 0.000245
6.203e-06 0.000277
6.21e-06 0.000321
6.218e-06 0.000225
6.225e-06 0.000141
6.233e-06 0.000129
6.24e-06 0.000252
6.248e-06 0.000258
6.255e-06 0.000327
6.263e-06 0.000509
6.27e-06 0.000324
6.278e-06 0.000372
6.285e-06 0.000653
6.293e-06 0.000541
6.301e-06 0.000429
6.308e-06 0.000824
6.316e-06 0.000730
6.324e-06 0.001048
6.331e-06 0.001164
6.339e-06 0.001877
6.347e-06 0.002577
6.355e-06 0.004705
6.363e-06 0.008726
6.37e-06 0.015120
6.378e-06 0.023430
6.386e-06 0.033890
6.394e-06 0.046930
6.402e-06 0.061070
6.41e-06 0.075430
6.418e-06 0.090170
6.426e-06 0.105000
6.434e-06 0.122000
6.442e-06 0.140600
6.45e-06 0.157000
6.458e-06 0.169200
6.466e-06 0.176700
6.474e-06 0.181600
6.482e-06 0.185500
6.49e-06 0.190000
6.498e-06 0.196300
6.506e-06 0.202900
6.514e-06 0.209300
6.523e-06 0.215700
6.531e-06 0.220700
6.539e-06 0.224900
6.547e-06 0.228800
6.556e-06 0.230300
6.564e-06 0.231100
6.572e-06 0.232500
6.581e-06 0.233000
6.589e-06 0.234400
6.597e-06 0.235600
6.606e-06 0.235800
6.614e-06 0.235900
6.623e-06 0.234700
6.631e-06 0.233800
6.64e-06 0.233600
6.648e-06 0.232700
6.657e-06 0.232500
6.665e-06 0.231700
6.674e-06 0.228400
6.682e-06 0.224100
6.691e-06 0.220200
6.7e-06 0.218300
6.708e-06 0.219600
6.717e-06 0.224000
6.726e-06 0.229600
6.734e-06 0.235000
6.743e-06 0.238600
6.752e-06 0.239500
6.761e-06 0.239100
6.77e-06 0.239100
6.778e-06 0.240000
6.787e-06 0.242800
6.796e-06 0.245900
6.805e-06 0.247900
6.814e-06 0.250300
6.823e-06 0.252500
6.832e-06 0.253300
6.841e-06 0.253400
6.85e-06 0.253700
6.859e-06 0.254800
6.868e-06 0.255100
6.877e-06 0.254500
6.886e-06 0.254700
6.896e-06 0.254900
6.905e-06 0.254500
6.914e-06 0.253600
6.923e-06 0.252400
6.932e-06 0.251300
6.942e-06 0.250500
6.951e-06 0.250800
6.96e-06 0.252500
6.97e-06 0.254300
6.979e-06 0.255200
6.989e-06 0.255000
6.998e-06 0.253000
7.007e-06 0.249300
7.017e-06 0.246000
7.026e-06 0.242800
7.036e-06 0.242000
7.045e-06 0.244400
7.055e-06 0.246300
7.065e-06 0.247600
7.074e-06 0.248100
7.084e-06 0.246600
7.094e-06 0.244900
7.103e-06 0.243900
7.113e-06 0.244200
7.123e-06 0.245800
7.133e-06 0.248200
7.143e-06 0.251500
7.152e-06 0.253400
7.162e-06 0.252700
7.172e-06 0.250300
7.182e-06 0.247300
7.192e-06 0.245000
7.202e-06 0.244300
7.212e-06 0.245300
7.222e-06 0.247200
7.232e-06 0.250600
7.242e-06 0.254800
7.252e-06 0.258200
7.263e-06 0.260600
7.273e-06 0.261600
7.283e-06 0.261300
7.293e-06 0.260000
7.303e-06 0.258400
7.314e-06 0.256900
7.324e-06 0.256300
7.334e-06 0.256200
7.345e-06 0.256400
7.355e-06 0.257500
7.366e-06 0.259500
7.376e-06 0.261900
7.387e-06 0.263900
7.397e-06 0.265300
7.408e-06 0.266500
7.418e-06 0.266700
7.429e-06 0.265800
7.44e-06 0.263700
7.45e-06 0.260700
7.461e-06 0.258300
7.472e-06 0.256800
7.483e-06 0.257100
7.493e-06 0.260400
7.504e-06 0.266000
7.515e-06 0.273000
7.526e-06 0.278600
7.537e-06 0.282300
7.548e-06 0.285300
7.559e-06 0.286400
7.57e-06 0.287000
7.581e-06 0.289100
7.592e-06 0.290700
7.603e-06 0.292400
7.614e-06 0.293500
7.626e-06 0.291700
7.637e-06 0.288900
7.648e-06 0.286100
7.659e-06 0.283400
7.671e-06 0.283300
7.682e-06 0.285900
7.694e-06 0.289300
7.705e-06 0.293300
7.716e-06 0.295700
7.728e-06 0.295500
7.74e-06 0.293900
7.751e-06 0.291500
7.763e-06 0.289500
7.774e-06 0.288700
7.786e-06 0.288600
7.798e-06 0.289700
7.809e-06 0.291200
7.821e-06 0.291500
7.833e-06 0.291600
7.845e-06 0.292100
7.857e-06 0.293400
7.869e-06 0.296300
7.881e-06 0.299900
7.893e-06 0.303400
7.905e-06 0.305900
7.917e-06 0.306200
7.929e-06 0.305200
7.941e-06 0.303100
7.953e-06 0.299700
7.965e-06 0.297100
7.978e-06 0.296200
7.99e-06 0.296100
8.002e-06 0.297900
8.015e-06 0.300500
8.027e-06 0.302500
8.039e-06 0.305500
8.052e-06 0.307500
8.064e-06 0.307400
8.077e-06 0.307700
8.09e-06 0.307500
8.102e-06 0.307600
8.115e-06 0.309600
8.128e-06 0.311600
8.14e-06 0.313700
8.153e-06 0.314800
8.166e-06 0.313300
8.179e-06 0.311300
8.192e-06 0.309100
8.205e-06 0.307500
8.218e-06 0.306900
8.231e-06 0.308600
8.244e-06 0.312300
8.257e-06 0.314600
8.27e-06 0.315700
8.283e-06 0.316400
8.297e-06 0.315300
8.31e-06 0.314100
8.323e-06 0.314300
8.337e-06 0.315500
8.35e-06 0.316300
8.364e-06 0.316600
8.377e-06 0.316100
8.391e-06 0.313000
8.404e-06 0.309300
8.418e-06 0.307300
8.432e-06 0.306700
8.445e-06 0.308200
8.459e-06 0.312000
8.473e-06 0.315700
8.487e-06 0.317500
8.501e-06 0.317400
8.515e-06 0.316300
8.529e-06 0.313900
8.543e-06 0.311400
8.557e-06 0.310700
8.571e-06 0.311900
8.585e-06 0.313100
8.599e-06 0.313100
8.614e-06 0.312900
8.628e-06 0.312800
8.642e-06 0.312900
8.657e-06 0.312400
8.671e-06 0.311100
8.686e-06 0.308700
8.7e-06 0.303700
8.715e-06 0.297000
8.73e-06 0.291400
8.744e-06 0.287900
8.759e-06 0.286300
8.774e-06 0.287600
8.789e-06 0.291500
8.804e-06 0.296300
8.819e-06 0.300300
8.834e-06 0.302100
8.849e-06 0.301600
8.864e-06 0.299200
8.879e-06 0.296100
8.894e-06 0.294400
8.91e-06 0.292800
8.925e-06 0.291400
8.94e-06 0.290700
8.956e-06 0.289000
8.971e-06 0.287800
8.987e-06 0.287300
9.003e-06 0.286400
9.018e-06 0.285700
9.034e-06 0.284200
9.05e-06 0.281300
9.066e-06 0.278300
9.081e-06 0.275300
9.097e-06 0.273000
9.113e-06 0.271900
9.129e-06 0.270600
9.145e-06 0.269100
9.162e-06 0.267300
9.178e-06 0.263300
9.194e-06 0.257400
9.21e-06 0.249300
9.227e-06 0.239000
9.243e-06 0.227800
9.26e-06 0.215200
9.276e-06 0.201000
9.293e-06 0.186700
9.31e-06 0.173800
9.326e-06 0.162000
9.343e-06 0.150500
9.36e-06 0.138900
9.377e-06 0.125300
9.394e-06 0.109700
9.411e-06 0.094590
9.428e-06 0.080550
9.445e-06 0.067880
9.463e-06 0.055700
9.48e-06 0.043480
9.497e-06 0.032500
9.515e-06 0.022990
9.532e-06 0.015390
9.55e-06 0.010800
9.567e-06 0.007850
9.585e-06 0.005610
9.603e-06 0.004374
9.621e-06 0.003300
9.638e-06 0.002547
9.656e-06 0.001985
9.674e-06 0.001671
9.692e-06 0.000757
9.711e-06 0.001264
9.729e-06 0.001430
9.747e-06 0.000987
9.765e-06 0.000652
9.784e-06 0.000585
9.802e-06 0.000430
9.821e-06 0.000430
9.84e-06 0.000644
9.858e-06 0.000283
9.877e-06 0.000413
9.896e-06 0.000346
9.915e-06 0.000528
9.934e-06 0.000338
9.953e-06 0.000596
9.972e-06 0.000219
9.991e-06 0.000337
1.001e-05 0.000164
1.003e-05 0.000296
1.005e-05 0.000457
1.007e-05 0.000648
1.009e-05 0.000608
1.011e-05 0.000223
1.013e-05 0.000077
1.015e-05 0.000054
1.017e-05 0.000243
1.019e-05 0.000518
1.021e-05 0.000497
1.023e-05 0.000637
1.025e-05 0.000721
1.027e-05 0.000529
1.029e-05 0.000468
1.031e-05 0.000115
