4.4969e-06 0.0
4.49825e-06 0.0
4.4996e-06 0.00015829771768722034
4.50095e-06 0.00016778463565429036
4.5023e-06 0.0001687720124149407
4.50365e-06 0.00017416426199393263
4.50501e-06 0.0001829647748509212
4.50636e-06 0.0001943465723575321
4.50771e-06 0.00019692180442266622
4.50906e-06 0.0002040944558025729
4.51041e-06 0.00021719029113715957
4.51176e-06 0.0002311178068353484
4.51311e-06 0.00023944536094618895
4.51446e-06 0.0002480478145286997
4.51582e-06 0.00026751424406324206
4.51717e-06 0.0002839591690965902
4.51852e-06 0.0002955030105816898
4.51987e-06 0.0003007386263676491
4.52122e-06 0.0003196151117890632
4.52257e-06 0.0003424521088641958
4.52392e-06 0.00036234276152649863
4.52527e-06 0.0003782682135332913
4.52663e-06 0.0004012284118760797
4.52798e-06 0.00043439243877685613
4.52933e-06 0.000458431798075977
4.53068e-06 0.00048366760354885707
4.53203e-06 0.0005120412723594342
4.53338e-06 0.0005568775902648583
4.53473e-06 0.0005956837010024301
4.53608e-06 0.0006294210188389042
4.53744e-06 0.0006641648763710573
4.53879e-06 0.0007117258647753942
4.54014e-06 0.000766413718398473
4.54149e-06 0.0008135762634421996
4.54284e-06 0.0008662786632661792
4.54419e-06 0.0009266444753132164
4.54554e-06 0.0009990255392674217
4.54689e-06 0.0010642812445941356
4.54825e-06 0.0011317728090272216
4.5496e-06 0.0012083687523084796
4.55095e-06 0.0012931705587834854
4.5523e-06 0.0013789597232971987
4.55365e-06 0.001458624708460329
4.555e-06 0.0015547732750603553
4.55635e-06 0.0016598747267491292
4.5577e-06 0.0017724581206242217
4.55905e-06 0.0018764329820781297
4.56041e-06 0.0019916634632771097
4.56176e-06 0.0021247767310740694
4.56311e-06 0.0022644622621453246
4.56446e-06 0.002405999891965159
4.56581e-06 0.0025474466093378233
4.56716e-06 0.0027168257738303956
4.56851e-06 0.0028935683565911178
4.56986e-06 0.003076023853766114
4.57122e-06 0.003255478261877119
4.57257e-06 0.0034580164937762815
4.57392e-06 0.003687681463591568
4.57527e-06 0.003921956176461783
4.57662e-06 0.004163944023932793
4.57797e-06 0.0044141385183547755
4.57932e-06 0.0047049277872621385
4.58067e-06 0.0050088041454772175
4.58203e-06 0.005326369587424416
4.58338e-06 0.005659898512723251
4.58473e-06 0.006027647433045852
4.58608e-06 0.0064324450090554475
4.58743e-06 0.006845742906846159
4.58878e-06 0.007285907239645367
4.59013e-06 0.007755334330368357
4.59148e-06 0.008279679167338232
4.59284e-06 0.008828218623977433
4.59419e-06 0.009401449330762514
4.59554e-06 0.010022357551656893
4.59689e-06 0.010698156643095785
4.59824e-06 0.011434591658354133
4.59959e-06 0.012197631863249382
4.60094e-06 0.013017701078651873
4.60229e-06 0.013900706562017527
4.60365e-06 0.014866657447067331
4.605e-06 0.015889810903191255
4.60635e-06 0.01696910652012608
4.6077e-06 0.018146417566093278
4.60905e-06 0.019415500481633544
4.6104e-06 0.020786653661232495
4.61175e-06 0.022231098566232343
4.6131e-06 0.02378370033216662
4.61446e-06 0.025465001695002633
4.61581e-06 0.027278899469139785
4.61716e-06 0.029214311205196332
4.61851e-06 0.031272253099839144
4.61986e-06 0.033509361726520574
4.62121e-06 0.03591454852907042
4.62256e-06 0.03850186175077198
4.62391e-06 0.041256451127082226
4.62527e-06 0.04420815501593314
4.62662e-06 0.04740476698022565
4.62797e-06 0.05082638344491036
4.62932e-06 0.05448101090261174
4.63067e-06 0.05837584014701701
4.63202e-06 0.06256740056081737
4.63337e-06 0.06707275739241961
4.63472e-06 0.07187121501477357
4.63608e-06 0.07697164715132326
4.63743e-06 0.08241783461756373
4.63878e-06 0.08825910472284633
4.64013e-06 0.09446071449679547
4.64148e-06 0.10106796545453055
4.64283e-06 0.10803220287512377
4.64418e-06 0.1154341559990212
4.64553e-06 0.12332249092180451
4.64688e-06 0.13158983434400634
4.64824e-06 0.140309203584651
4.64959e-06 0.14950144604597204
4.65094e-06 0.1591458595647553
4.65229e-06 0.16926685129006197
4.65364e-06 0.17981234373855354
4.65499e-06 0.19074375311138264
4.65634e-06 0.2021471750949034
4.65769e-06 0.21395344855183923
4.65905e-06 0.22605950185641965
4.6604e-06 0.23863377318307166
4.66175e-06 0.2513505423252807
4.6631e-06 0.26436187515848475
4.66445e-06 0.27780303018880037
4.6658e-06 0.2910606417841792
4.66715e-06 0.304525486825984
4.6685e-06 0.31815714884405755
4.66986e-06 0.33150865895563764
4.67121e-06 0.34488700464418603
4.67256e-06 0.35805767453694826
4.67391e-06 0.37077197765930425
4.67526e-06 0.38333807300837697
4.67661e-06 0.3953626271738132
4.67796e-06 0.4068318431479492
4.67931e-06 0.4179468537349562
4.68067e-06 0.428121091150575
4.68202e-06 0.43774778718006424
4.68337e-06 0.4470028703516651
4.68472e-06 0.45506023332800005
4.68607e-06 0.4626247289350489
4.68742e-06 0.46958792751386785
4.68877e-06 0.47564733612667576
4.69012e-06 0.4812055892088728
4.69148e-06 0.48604106584132056
4.69283e-06 0.4902170141263875
4.69418e-06 0.49393209267338145
4.69553e-06 0.4969761010377136
4.69688e-06 0.49960987130044276
4.69823e-06 0.5018256350964435
4.69958e-06 0.5034832328038462
4.70093e-06 0.5049180317083679
4.70229e-06 0.5059666673798762
4.70364e-06 0.5067149597318986
4.70499e-06 0.5072989460617351
4.70634e-06 0.5075532994310107
4.70769e-06 0.5077221284091931
4.70904e-06 0.5077291029457595
4.71039e-06 0.5076187055024681
4.71174e-06 0.5074394500062767
4.7131e-06 0.5071283346155372
4.71445e-06 0.5068134424524691
4.7158e-06 0.5064693117830307
4.71715e-06 0.50601873335354
4.7185e-06 0.5056015461974936
4.71985e-06 0.5051743242931916
4.7212e-06 0.5046924237331528
4.72255e-06 0.5042497528078007
4.72391e-06 0.5037955021846996
4.72526e-06 0.5032847224047987
4.72661e-06 0.5028310941850348
4.72796e-06 0.5023894822488889
4.72931e-06 0.5019009656921862
4.73066e-06 0.5014599502321855
4.73201e-06 0.5009980392228993
4.73336e-06 0.5005999112935553
4.73471e-06 0.5002179223122604
4.73607e-06 0.49979688542182976
4.73742e-06 0.4994147384543439
4.73877e-06 0.49903877711689554
4.74012e-06 0.4986488779335383
4.74147e-06 0.49828818371758393
4.74282e-06 0.49790496280958974
4.74417e-06 0.49749207321233524
4.74552e-06 0.4970984224549717
4.74688e-06 0.4966909172013294
4.74823e-06 0.49625071389798336
4.74958e-06 0.495799497952895
4.75093e-06 0.4953442790556064
4.75228e-06 0.49487616814144963
4.75363e-06 0.4944179261916566
4.75498e-06 0.4939425159131586
4.75633e-06 0.49344622082283973
4.75769e-06 0.4929679081312419
4.75904e-06 0.49249236614988146
4.76039e-06 0.49202399613624875
4.76174e-06 0.49153957830435385
4.76309e-06 0.49103533780773484
4.76444e-06 0.49054438595331207
4.76579e-06 0.4900615095102372
4.76714e-06 0.4895806380451987
4.7685e-06 0.4890854755234364
4.76985e-06 0.48858898162934816
4.7712e-06 0.48810430881413747
4.77255e-06 0.4876247516148573
4.7739e-06 0.4871454232308252
4.77525e-06 0.48666767780460785
4.7766e-06 0.48620212059510015
4.77795e-06 0.4857676476558713
4.77931e-06 0.485350698038012
4.78066e-06 0.4849328796790411
4.78201e-06 0.4845425855347373
4.78336e-06 0.484166023500082
4.78471e-06 0.48382078877750856
4.78606e-06 0.48349768640786095
4.78741e-06 0.48316380238534895
4.78876e-06 0.48284328481787986
4.79012e-06 0.4825642551846549
4.79147e-06 0.48228670490849257
4.79282e-06 0.48199333633919245
4.79417e-06 0.48172091783636084
4.79552e-06 0.48142477948784523
4.79687e-06 0.48114320800560195
4.79822e-06 0.48089858800487845
4.79957e-06 0.4806038576235804
4.80093e-06 0.4803116273768266
4.80228e-06 0.48005741791640844
4.80363e-06 0.4797917957501122
4.80498e-06 0.4795338096640509
4.80633e-06 0.47927884051500314
4.80768e-06 0.4789939048797686
4.80903e-06 0.47874773195009224
4.81038e-06 0.4784685003012661
4.81174e-06 0.47818581370537566
4.81309e-06 0.47789391290230954
4.81444e-06 0.47756627912414684
4.81579e-06 0.4772404301266171
4.81714e-06 0.4769422264980433
4.81849e-06 0.4765944495798705
4.81984e-06 0.4761883078073449
4.82119e-06 0.4758204327329742
4.82255e-06 0.47540993426877715
4.8239e-06 0.4749830108004802
4.82525e-06 0.4745853496194074
4.8266e-06 0.4741035407137459
4.82795e-06 0.47363283077270035
4.8293e-06 0.47321627381399645
4.83065e-06 0.4727541052594632
4.832e-06 0.47232740520846095
4.83335e-06 0.4718302383033083
4.83471e-06 0.47134206612305884
4.83606e-06 0.4709056056603278
4.83741e-06 0.4704180371776021
4.83876e-06 0.46992302006008024
4.84011e-06 0.46944030040082135
4.84146e-06 0.4689264114742442
4.84281e-06 0.4684245035627439
4.84416e-06 0.46793191322716404
4.84552e-06 0.4673860916475787
4.84687e-06 0.46681125528252154
4.84822e-06 0.4662827596823331
4.84957e-06 0.46572482410468447
4.85092e-06 0.46513500387754936
4.85227e-06 0.46457056919739315
4.85362e-06 0.4639543511035992
4.85497e-06 0.4633446476322423
4.85633e-06 0.4627822977576387
4.85768e-06 0.4621480740514986
4.85903e-06 0.46153261337562584
4.86038e-06 0.4608677600940824
4.86173e-06 0.46019788773506815
4.86308e-06 0.4595520708130091
4.86443e-06 0.45881432602959005
4.86578e-06 0.4580462439165555
4.86714e-06 0.4572815797086415
4.86849e-06 0.45648202064738164
4.86984e-06 0.45567118847572713
4.87119e-06 0.45484235998339584
4.87254e-06 0.45395449716212877
4.87389e-06 0.45306371310785964
4.87524e-06 0.4521947985800359
4.87659e-06 0.4512977004410178
4.87795e-06 0.4503759148581781
4.8793e-06 0.44931032774401597
4.88065e-06 0.4482498737574263
4.882e-06 0.44719788351796474
4.88335e-06 0.4460359505470151
4.8847e-06 0.44498980321166637
4.88605e-06 0.4438132314798167
4.8874e-06 0.44280538409573034
4.88876e-06 0.4418181270662409
4.89011e-06 0.44072411499792075
4.89146e-06 0.4397578492353805
4.89281e-06 0.43879817004920174
4.89416e-06 0.437765270057264
4.89551e-06 0.43690014149847245
4.89686e-06 0.436066653050148
4.89821e-06 0.4351137307744434
4.89957e-06 0.4343263738627745
4.90092e-06 0.43358618321196046
4.90227e-06 0.43277296579385727
4.90362e-06 0.43210074468443405
4.90497e-06 0.4314302987544537
4.90632e-06 0.430632271406838
4.90767e-06 0.4299771981869298
4.90902e-06 0.42920598749461536
4.91038e-06 0.4285119951117801
4.91173e-06 0.42777234345578335
4.91308e-06 0.4267804645839257
4.91443e-06 0.425885473796929
4.91578e-06 0.4248418993507945
4.91713e-06 0.4235140483736727
4.91848e-06 0.4221211432541049
4.91983e-06 0.4204850503744286
4.92118e-06 0.4185965263010547
4.92254e-06 0.41646076835289425
4.92389e-06 0.4141861077853587
4.92524e-06 0.41131577135684905
4.92659e-06 0.4083314683144107
4.92794e-06 0.4050900562381721
4.92929e-06 0.4012847148422585
4.93064e-06 0.3975260855456174
4.93199e-06 0.3931178673946011
4.93335e-06 0.38848729045246677
4.9347e-06 0.38366084329481126
4.93605e-06 0.3784858005010594
4.9374e-06 0.3733329924661912
4.93875e-06 0.3678081164441603
4.9401e-06 0.36219272661847707
4.94145e-06 0.3564616972631758
4.9428e-06 0.35082218520173447
4.94416e-06 0.3450009124964457
4.94551e-06 0.3393159321042235
4.94686e-06 0.33372511538406513
4.94821e-06 0.32807815650186317
4.94956e-06 0.32278240123559776
4.95091e-06 0.3175661137494085
4.95226e-06 0.31242595350892605
4.95361e-06 0.3075336719529956
4.95497e-06 0.3028609745398624
4.95632e-06 0.2982925761430543
4.95767e-06 0.2940008638180864
4.95902e-06 0.2897944843399604
4.96037e-06 0.28581097133393135
4.96172e-06 0.2820265314481309
4.96307e-06 0.27830898541482935
4.96442e-06 0.2748265387192196
4.96578e-06 0.27146650940080735
4.96713e-06 0.26804291037553246
4.96848e-06 0.26484479301311736
4.96983e-06 0.26171050302168514
4.97118e-06 0.25854056517510454
4.97253e-06 0.25545958247908923
4.97388e-06 0.25237753699637383
4.97523e-06 0.2491958992193038
4.97659e-06 0.24608868580731277
4.97794e-06 0.2430328937733728
4.97929e-06 0.23966404524276996
4.98064e-06 0.23640970971329944
4.98199e-06 0.23298824932391657
4.98334e-06 0.22942250831075242
4.98469e-06 0.2258729140074336
4.98604e-06 0.22202031359630334
4.9874e-06 0.21821181815576562
4.98875e-06 0.21410713389786418
4.9901e-06 0.20992189993002836
4.99145e-06 0.20556449275530866
4.9928e-06 0.2011344262737979
4.99415e-06 0.19639382187623242
4.9955e-06 0.19158736653025762
4.99685e-06 0.18670901055495254
4.99821e-06 0.18153059862417886
4.99956e-06 0.1764886716463409
5.00091e-06 0.1710630242251275
5.00226e-06 0.16569044221422277
5.00361e-06 0.16019682117831643
5.00496e-06 0.15471883038078796
5.00631e-06 0.14916386014685584
5.00766e-06 0.14355341938131733
5.00901e-06 0.13797353038569704
5.01037e-06 0.1323576653742709
5.01172e-06 0.1269110831396201
5.01307e-06 0.12135938413603983
5.01442e-06 0.11601210852779184
5.01577e-06 0.11066539914915412
5.01712e-06 0.10542788300387204
5.01847e-06 0.10036122150691172
5.01982e-06 0.09541433731365608
5.02118e-06 0.09062783623814796
5.02253e-06 0.08593434347792227
5.02388e-06 0.08145668254288278
5.02523e-06 0.07708943730114613
5.02658e-06 0.07295617118729933
5.02793e-06 0.06897617757309825
5.02928e-06 0.06513950950609954
5.03063e-06 0.06148000413623031
5.03199e-06 0.058007895332705395
5.03334e-06 0.05470630416512943
5.03469e-06 0.05157888525528138
5.03604e-06 0.04860787244867196
5.03739e-06 0.04576615575852714
5.03874e-06 0.04309330300296912
5.04009e-06 0.04056605078359576
5.04144e-06 0.03819590253260169
5.0428e-06 0.035958407888681335
5.04415e-06 0.03382586716560122
5.0455e-06 0.03182227592276969
5.04685e-06 0.029958111421856164
5.0482e-06 0.02819927543064412
5.04955e-06 0.026546303188982164
5.0509e-06 0.02498818924492618
5.05225e-06 0.023500520137321946
5.05361e-06 0.02212088339621158
5.05496e-06 0.020843371193534858
5.05631e-06 0.019631747691605892
5.05766e-06 0.018496218583131375
5.05901e-06 0.017415077430104044
5.06036e-06 0.016401206047662764
5.06171e-06 0.015473412591015975
5.06306e-06 0.014597218196279698
5.06442e-06 0.013774592865877693
5.06577e-06 0.012997859609002642
5.06712e-06 0.012260603827210835
5.06847e-06 0.011576725341794283
5.06982e-06 0.010947163399752323
5.07117e-06 0.010345575078259442
5.07252e-06 0.009774461398113176
5.07387e-06 0.009235948653363746
5.07523e-06 0.008726486256139683
5.07658e-06 0.008267099723165092
5.07793e-06 0.007835189163869508
5.07928e-06 0.00741282336767971
5.08063e-06 0.007015051800361815
5.08198e-06 0.006641164369943361
5.08333e-06 0.006293147187598213
5.08468e-06 0.005977452469948277
5.08604e-06 0.005670168544418562
5.08739e-06 0.005373090799759672
5.08874e-06 0.005095457205085745
5.09009e-06 0.004833395189486119
5.09144e-06 0.004597911358734186
5.09279e-06 0.004377204120051259
5.09414e-06 0.004152382416042719
5.09549e-06 0.003939937818022619
5.09684e-06 0.003744649999104364
5.0982e-06 0.003561126124113857
5.09955e-06 0.0033956700995725255
5.1009e-06 0.0
5.10225e-06 0.0
