#Swift UVOT B band. From makeUvot.py
#http://heasarc.nasa.gov/docs/swift/proposals/swift_responses.html
8.013e-07 0.000e+00
8.008e-07 0.000e+00
8.003e-07 0.000e+00
7.998e-07 0.000e+00
7.993e-07 0.000e+00
7.988e-07 0.000e+00
7.983e-07 0.000e+00
7.978e-07 0.000e+00
7.973e-07 0.000e+00
7.968e-07 0.000e+00
7.963e-07 0.000e+00
7.958e-07 0.000e+00
7.953e-07 0.000e+00
7.948e-07 0.000e+00
7.943e-07 0.000e+00
7.938e-07 0.000e+00
7.933e-07 0.000e+00
7.928e-07 0.000e+00
7.923e-07 0.000e+00
7.918e-07 0.000e+00
7.913e-07 0.000e+00
7.908e-07 0.000e+00
7.903e-07 0.000e+00
7.898e-07 0.000e+00
7.893e-07 0.000e+00
7.888e-07 0.000e+00
7.883e-07 0.000e+00
7.878e-07 0.000e+00
7.873e-07 0.000e+00
7.868e-07 0.000e+00
7.863e-07 0.000e+00
7.858e-07 0.000e+00
7.853e-07 0.000e+00
7.848e-07 0.000e+00
7.843e-07 0.000e+00
7.838e-07 0.000e+00
7.833e-07 0.000e+00
7.828e-07 0.000e+00
7.823e-07 0.000e+00
7.818e-07 0.000e+00
7.813e-07 0.000e+00
7.808e-07 0.000e+00
7.803e-07 0.000e+00
7.798e-07 0.000e+00
7.793e-07 0.000e+00
7.788e-07 0.000e+00
7.783e-07 0.000e+00
7.778e-07 0.000e+00
7.773e-07 0.000e+00
7.768e-07 0.000e+00
7.763e-07 0.000e+00
7.758e-07 0.000e+00
7.753e-07 0.000e+00
7.748e-07 0.000e+00
7.743e-07 0.000e+00
7.738e-07 0.000e+00
7.733e-07 0.000e+00
7.728e-07 0.000e+00
7.723e-07 0.000e+00
7.718e-07 0.000e+00
7.713e-07 0.000e+00
7.708e-07 0.000e+00
7.703e-07 0.000e+00
7.698e-07 0.000e+00
7.693e-07 0.000e+00
7.688e-07 0.000e+00
7.683e-07 0.000e+00
7.678e-07 0.000e+00
7.673e-07 0.000e+00
7.668e-07 0.000e+00
7.663e-07 0.000e+00
7.658e-07 0.000e+00
7.653e-07 0.000e+00
7.648e-07 0.000e+00
7.643e-07 0.000e+00
7.638e-07 0.000e+00
7.633e-07 0.000e+00
7.628e-07 0.000e+00
7.623e-07 0.000e+00
7.618e-07 0.000e+00
7.613e-07 0.000e+00
7.608e-07 0.000e+00
7.603e-07 0.000e+00
7.598e-07 0.000e+00
7.593e-07 0.000e+00
7.588e-07 0.000e+00
7.583e-07 0.000e+00
7.578e-07 0.000e+00
7.573e-07 0.000e+00
7.568e-07 0.000e+00
7.563e-07 0.000e+00
7.558e-07 0.000e+00
7.553e-07 0.000e+00
7.548e-07 0.000e+00
7.543e-07 0.000e+00
7.538e-07 0.000e+00
7.533e-07 0.000e+00
7.528e-07 0.000e+00
7.523e-07 0.000e+00
7.518e-07 0.000e+00
7.513e-07 0.000e+00
7.508e-07 0.000e+00
7.503e-07 0.000e+00
7.498e-07 0.000e+00
7.493e-07 0.000e+00
7.488e-07 0.000e+00
7.483e-07 0.000e+00
7.478e-07 0.000e+00
7.473e-07 0.000e+00
7.468e-07 0.000e+00
7.463e-07 0.000e+00
7.458e-07 0.000e+00
7.453e-07 0.000e+00
7.448e-07 0.000e+00
7.443e-07 0.000e+00
7.438e-07 0.000e+00
7.433e-07 0.000e+00
7.428e-07 0.000e+00
7.423e-07 0.000e+00
7.418e-07 0.000e+00
7.413e-07 0.000e+00
7.408e-07 0.000e+00
7.403e-07 0.000e+00
7.398e-07 0.000e+00
7.393e-07 0.000e+00
7.388e-07 0.000e+00
7.383e-07 0.000e+00
7.378e-07 0.000e+00
7.373e-07 0.000e+00
7.368e-07 0.000e+00
7.363e-07 0.000e+00
7.357e-07 0.000e+00
7.352e-07 0.000e+00
7.347e-07 0.000e+00
7.342e-07 0.000e+00
7.337e-07 0.000e+00
7.332e-07 0.000e+00
7.327e-07 0.000e+00
7.322e-07 0.000e+00
7.317e-07 0.000e+00
7.312e-07 0.000e+00
7.307e-07 0.000e+00
7.302e-07 0.000e+00
7.297e-07 0.000e+00
7.292e-07 0.000e+00
7.287e-07 0.000e+00
7.282e-07 0.000e+00
7.277e-07 0.000e+00
7.272e-07 0.000e+00
7.267e-07 0.000e+00
7.262e-07 0.000e+00
7.257e-07 0.000e+00
7.252e-07 0.000e+00
7.247e-07 0.000e+00
7.242e-07 0.000e+00
7.237e-07 0.000e+00
7.232e-07 0.000e+00
7.227e-07 0.000e+00
7.222e-07 0.000e+00
7.217e-07 0.000e+00
7.212e-07 0.000e+00
7.207e-07 0.000e+00
7.202e-07 0.000e+00
7.197e-07 0.000e+00
7.192e-07 0.000e+00
7.187e-07 0.000e+00
7.182e-07 0.000e+00
7.177e-07 0.000e+00
7.172e-07 0.000e+00
7.167e-07 0.000e+00
7.162e-07 0.000e+00
7.157e-07 0.000e+00
7.152e-07 0.000e+00
7.147e-07 0.000e+00
7.142e-07 0.000e+00
7.137e-07 0.000e+00
7.132e-07 0.000e+00
7.127e-07 0.000e+00
7.122e-07 0.000e+00
7.117e-07 2.435e-13
7.112e-07 4.411e-13
7.107e-07 0.000e+00
7.102e-07 0.000e+00
7.097e-07 3.391e-12
7.092e-07 6.143e-12
7.087e-07 0.000e+00
7.082e-07 0.000e+00
7.077e-07 4.723e-11
7.072e-07 8.557e-11
7.067e-07 0.000e+00
7.062e-07 0.000e+00
7.057e-07 6.578e-10
7.052e-07 1.192e-09
7.047e-07 0.000e+00
7.042e-07 0.000e+00
7.037e-07 9.162e-09
7.032e-07 1.660e-08
7.027e-07 0.000e+00
7.022e-07 0.000e+00
7.017e-07 1.351e-07
7.012e-07 4.324e-07
7.007e-07 3.956e-07
7.002e-07 8.357e-08
6.997e-07 4.155e-08
6.992e-07 3.470e-07
6.987e-07 5.973e-07
6.982e-07 5.980e-07
6.977e-07 3.880e-07
6.972e-07 1.022e-07
6.967e-07 0.000e+00
6.962e-07 0.000e+00
6.957e-07 1.225e-08
6.952e-07 6.763e-09
6.947e-07 0.000e+00
6.942e-07 0.000e+00
6.937e-07 8.796e-10
6.932e-07 4.855e-10
6.927e-07 0.000e+00
6.922e-07 0.000e+00
6.917e-07 6.315e-11
6.912e-07 3.486e-11
6.907e-07 0.000e+00
6.902e-07 0.000e+00
6.897e-07 4.534e-12
6.892e-07 2.503e-12
6.887e-07 0.000e+00
6.882e-07 0.000e+00
6.877e-07 3.255e-13
6.872e-07 1.797e-13
6.867e-07 0.000e+00
6.862e-07 0.000e+00
6.857e-07 0.000e+00
6.852e-07 0.000e+00
6.847e-07 0.000e+00
6.842e-07 0.000e+00
6.837e-07 0.000e+00
6.832e-07 0.000e+00
6.827e-07 0.000e+00
6.822e-07 0.000e+00
6.817e-07 0.000e+00
6.812e-07 0.000e+00
6.807e-07 0.000e+00
6.802e-07 0.000e+00
6.797e-07 0.000e+00
6.792e-07 0.000e+00
6.787e-07 3.645e-13
6.782e-07 6.604e-13
6.777e-07 0.000e+00
6.772e-07 0.000e+00
6.767e-07 5.077e-12
6.762e-07 9.198e-12
6.757e-07 0.000e+00
6.752e-07 0.000e+00
6.747e-07 7.071e-11
6.742e-07 1.281e-10
6.737e-07 0.000e+00
6.732e-07 0.000e+00
6.727e-07 9.849e-10
6.722e-07 1.784e-09
6.717e-07 0.000e+00
6.712e-07 0.000e+00
6.707e-07 1.372e-08
6.702e-07 2.485e-08
6.697e-07 0.000e+00
6.692e-07 0.000e+00
6.687e-07 2.051e-07
6.682e-07 7.246e-07
6.677e-07 9.409e-07
6.672e-07 8.718e-07
6.667e-07 1.074e-06
6.662e-07 1.603e-06
6.657e-07 2.000e-06
6.652e-07 2.015e-06
6.647e-07 1.633e-06
6.642e-07 1.108e-06
6.637e-07 9.188e-07
6.632e-07 1.005e-06
6.627e-07 7.770e-07
6.621e-07 2.202e-07
6.616e-07 0.000e+00
6.611e-07 0.000e+00
6.606e-07 2.669e-08
6.601e-07 1.473e-08
6.596e-07 0.000e+00
6.591e-07 0.000e+00
6.586e-07 1.916e-09
6.581e-07 1.058e-09
6.576e-07 0.000e+00
6.571e-07 0.000e+00
6.566e-07 1.376e-10
6.561e-07 7.591e-11
6.556e-07 0.000e+00
6.551e-07 0.000e+00
6.546e-07 9.877e-12
6.541e-07 5.452e-12
6.536e-07 0.000e+00
6.531e-07 0.000e+00
6.526e-07 7.091e-13
6.521e-07 3.914e-13
6.516e-07 0.000e+00
6.511e-07 0.000e+00
6.506e-07 0.000e+00
6.501e-07 0.000e+00
6.496e-07 0.000e+00
6.491e-07 0.000e+00
6.486e-07 0.000e+00
6.481e-07 0.000e+00
6.476e-07 0.000e+00
6.471e-07 0.000e+00
6.466e-07 0.000e+00
6.461e-07 0.000e+00
6.456e-07 0.000e+00
6.451e-07 0.000e+00
6.446e-07 0.000e+00
6.441e-07 0.000e+00
6.436e-07 0.000e+00
6.431e-07 0.000e+00
6.426e-07 6.557e-13
6.421e-07 1.188e-12
6.416e-07 0.000e+00
6.411e-07 0.000e+00
6.406e-07 9.132e-12
6.401e-07 1.654e-11
6.396e-07 0.000e+00
6.391e-07 0.000e+00
6.386e-07 1.272e-10
6.381e-07 2.304e-10
6.376e-07 0.000e+00
6.371e-07 0.000e+00
6.366e-07 1.771e-09
6.361e-07 3.209e-09
6.356e-07 0.000e+00
6.351e-07 0.000e+00
6.346e-07 2.467e-08
6.341e-07 4.470e-08
6.336e-07 0.000e+00
6.331e-07 0.000e+00
6.326e-07 3.652e-07
6.321e-07 1.203e-06
6.316e-07 1.233e-06
6.311e-07 4.072e-07
6.306e-07 0.000e+00
6.301e-07 0.000e+00
6.296e-07 3.493e-07
6.291e-07 1.135e-06
6.286e-07 1.558e-06
6.281e-07 1.515e-06
6.276e-07 1.378e-06
6.271e-07 1.378e-06
6.266e-07 1.571e-06
6.261e-07 1.661e-06
6.256e-07 1.047e-06
6.251e-07 1.313e-07
6.246e-07 2.610e-07
6.241e-07 1.241e-06
6.236e-07 1.357e-06
6.231e-07 4.241e-07
6.226e-07 0.000e+00
6.221e-07 0.000e+00
6.216e-07 5.212e-08
6.211e-07 2.877e-08
6.206e-07 0.000e+00
6.201e-07 0.000e+00
6.196e-07 3.742e-09
6.191e-07 2.065e-09
6.186e-07 0.000e+00
6.181e-07 0.000e+00
6.176e-07 2.686e-10
6.171e-07 1.483e-10
6.166e-07 0.000e+00
6.161e-07 0.000e+00
6.156e-07 1.929e-11
6.151e-07 1.065e-11
6.146e-07 0.000e+00
6.141e-07 0.000e+00
6.136e-07 1.385e-12
6.131e-07 7.644e-13
6.126e-07 0.000e+00
6.121e-07 0.000e+00
6.116e-07 0.000e+00
6.111e-07 0.000e+00
6.106e-07 0.000e+00
6.101e-07 0.000e+00
6.096e-07 0.000e+00
6.091e-07 0.000e+00
6.086e-07 0.000e+00
6.081e-07 0.000e+00
6.076e-07 0.000e+00
6.071e-07 0.000e+00
6.066e-07 0.000e+00
6.061e-07 0.000e+00
6.056e-07 0.000e+00
6.051e-07 0.000e+00
6.046e-07 0.000e+00
6.041e-07 0.000e+00
6.036e-07 0.000e+00
6.031e-07 0.000e+00
6.026e-07 0.000e+00
6.021e-07 0.000e+00
6.016e-07 0.000e+00
6.011e-07 0.000e+00
6.006e-07 0.000e+00
6.001e-07 0.000e+00
5.996e-07 0.000e+00
5.991e-07 0.000e+00
5.986e-07 0.000e+00
5.981e-07 0.000e+00
5.976e-07 0.000e+00
5.971e-07 0.000e+00
5.966e-07 0.000e+00
5.961e-07 0.000e+00
5.956e-07 0.000e+00
5.951e-07 0.000e+00
5.946e-07 0.000e+00
5.941e-07 0.000e+00
5.936e-07 0.000e+00
5.931e-07 0.000e+00
5.926e-07 0.000e+00
5.921e-07 0.000e+00
5.916e-07 0.000e+00
5.911e-07 0.000e+00
5.906e-07 0.000e+00
5.901e-07 0.000e+00
5.896e-07 0.000e+00
5.891e-07 0.000e+00
5.885e-07 0.000e+00
5.880e-07 0.000e+00
5.875e-07 0.000e+00
5.870e-07 0.000e+00
5.865e-07 0.000e+00
5.860e-07 0.000e+00
5.855e-07 0.000e+00
5.850e-07 0.000e+00
5.845e-07 0.000e+00
5.840e-07 0.000e+00
5.835e-07 0.000e+00
5.830e-07 0.000e+00
5.825e-07 0.000e+00
5.820e-07 0.000e+00
5.815e-07 0.000e+00
5.810e-07 0.000e+00
5.805e-07 0.000e+00
5.800e-07 0.000e+00
5.795e-07 0.000e+00
5.790e-07 0.000e+00
5.785e-07 0.000e+00
5.780e-07 0.000e+00
5.775e-07 0.000e+00
5.770e-07 0.000e+00
5.765e-07 0.000e+00
5.760e-07 0.000e+00
5.755e-07 0.000e+00
5.750e-07 0.000e+00
5.745e-07 0.000e+00
5.740e-07 0.000e+00
5.735e-07 0.000e+00
5.730e-07 0.000e+00
5.725e-07 0.000e+00
5.720e-07 0.000e+00
5.715e-07 0.000e+00
5.710e-07 0.000e+00
5.705e-07 0.000e+00
5.700e-07 0.000e+00
5.695e-07 0.000e+00
5.690e-07 0.000e+00
5.685e-07 0.000e+00
5.680e-07 0.000e+00
5.675e-07 0.000e+00
5.670e-07 0.000e+00
5.665e-07 0.000e+00
5.660e-07 0.000e+00
5.655e-07 0.000e+00
5.650e-07 0.000e+00
5.645e-07 0.000e+00
5.640e-07 0.000e+00
5.635e-07 0.000e+00
5.630e-07 0.000e+00
5.625e-07 0.000e+00
5.620e-07 0.000e+00
5.615e-07 0.000e+00
5.610e-07 0.000e+00
5.605e-07 0.000e+00
5.600e-07 0.000e+00
5.595e-07 0.000e+00
5.590e-07 0.000e+00
5.585e-07 0.000e+00
5.580e-07 0.000e+00
5.575e-07 0.000e+00
5.570e-07 0.000e+00
5.565e-07 0.000e+00
5.560e-07 0.000e+00
5.555e-07 0.000e+00
5.550e-07 0.000e+00
5.545e-07 0.000e+00
5.540e-07 0.000e+00
5.535e-07 0.000e+00
5.530e-07 0.000e+00
5.525e-07 0.000e+00
5.520e-07 0.000e+00
5.515e-07 0.000e+00
5.510e-07 0.000e+00
5.505e-07 0.000e+00
5.500e-07 0.000e+00
5.495e-07 0.000e+00
5.490e-07 0.000e+00
5.485e-07 1.166e-12
5.480e-07 2.113e-12
5.475e-07 0.000e+00
5.470e-07 0.000e+00
5.465e-07 1.625e-11
5.460e-07 2.943e-11
5.455e-07 0.000e+00
5.450e-07 0.000e+00
5.445e-07 2.263e-10
5.440e-07 4.099e-10
5.435e-07 0.000e+00
5.430e-07 0.000e+00
5.425e-07 3.151e-09
5.420e-07 5.709e-09
5.415e-07 0.000e+00
5.410e-07 0.000e+00
5.405e-07 4.389e-08
5.400e-07 7.952e-08
5.395e-07 0.000e+00
5.390e-07 0.000e+00
5.385e-07 6.591e-07
5.380e-07 2.399e-06
5.375e-07 3.362e-06
5.370e-07 3.241e-06
5.365e-07 3.011e-06
5.360e-07 3.058e-06
5.355e-07 3.134e-06
5.350e-07 3.136e-06
5.345e-07 3.134e-06
5.340e-07 3.158e-06
5.335e-07 3.184e-06
5.330e-07 3.204e-06
5.325e-07 3.223e-06
5.320e-07 3.243e-06
5.315e-07 3.264e-06
5.310e-07 3.285e-06
5.305e-07 3.305e-06
5.300e-07 3.326e-06
5.295e-07 3.347e-06
5.290e-07 3.368e-06
5.285e-07 3.387e-06
5.280e-07 3.407e-06
5.275e-07 3.433e-06
5.270e-07 3.457e-06
5.265e-07 3.457e-06
5.260e-07 3.466e-06
5.255e-07 3.566e-06
5.250e-07 3.629e-06
5.245e-07 3.357e-06
5.240e-07 3.206e-06
5.235e-07 4.329e-06
5.230e-07 6.366e-06
5.225e-07 7.468e-06
5.220e-07 7.312e-06
5.215e-07 7.120e-06
5.210e-07 7.217e-06
5.205e-07 7.002e-06
5.200e-07 6.836e-06
5.195e-07 8.009e-06
5.190e-07 1.010e-05
5.185e-07 1.105e-05
5.180e-07 1.079e-05
5.175e-07 1.135e-05
5.170e-07 1.330e-05
5.165e-07 1.574e-05
5.160e-07 1.770e-05
5.155e-07 1.829e-05
5.149e-07 1.806e-05
5.144e-07 1.891e-05
5.139e-07 2.103e-05
5.134e-07 2.294e-05
5.129e-07 2.467e-05
5.124e-07 2.779e-05
5.119e-07 3.194e-05
5.114e-07 3.488e-05
5.109e-07 3.660e-05
5.104e-07 3.934e-05
5.099e-07 4.349e-05
5.094e-07 4.761e-05
5.089e-07 5.148e-05
5.084e-07 5.618e-05
5.079e-07 6.221e-05
5.074e-07 6.942e-05
5.069e-07 7.752e-05
5.064e-07 8.613e-05
5.059e-07 9.602e-05
5.054e-07 1.090e-04
5.049e-07 1.254e-04
5.044e-07 1.439e-04
5.039e-07 1.644e-04
5.034e-07 1.876e-04
5.029e-07 2.145e-04
5.024e-07 2.462e-04
5.019e-07 2.838e-04
5.014e-07 3.280e-04
5.009e-07 3.804e-04
5.004e-07 4.433e-04
4.999e-07 5.177e-04
4.994e-07 6.037e-04
4.989e-07 7.039e-04
4.984e-07 8.233e-04
4.979e-07 9.657e-04
4.974e-07 1.134e-03
4.969e-07 1.331e-03
4.964e-07 1.565e-03
4.959e-07 1.845e-03
4.954e-07 2.183e-03
4.949e-07 2.586e-03
4.944e-07 3.058e-03
4.939e-07 3.612e-03
4.934e-07 4.273e-03
4.929e-07 5.065e-03
4.924e-07 6.011e-03
4.919e-07 7.131e-03
4.914e-07 8.440e-03
4.909e-07 9.949e-03
4.904e-07 1.167e-02
4.899e-07 1.359e-02
4.894e-07 1.571e-02
4.889e-07 1.799e-02
4.884e-07 2.038e-02
4.879e-07 2.281e-02
4.874e-07 2.519e-02
4.869e-07 2.745e-02
4.864e-07 2.951e-02
4.859e-07 3.132e-02
4.854e-07 3.284e-02
4.849e-07 3.408e-02
4.844e-07 3.504e-02
4.839e-07 3.575e-02
4.834e-07 3.623e-02
4.829e-07 3.651e-02
4.824e-07 3.663e-02
4.819e-07 3.665e-02
4.814e-07 3.660e-02
4.809e-07 3.653e-02
4.804e-07 3.645e-02
4.799e-07 3.637e-02
4.794e-07 3.633e-02
4.789e-07 3.633e-02
4.784e-07 3.639e-02
4.779e-07 3.651e-02
4.774e-07 3.670e-02
4.769e-07 3.694e-02
4.764e-07 3.725e-02
4.759e-07 3.759e-02
4.754e-07 3.792e-02
4.749e-07 3.828e-02
4.744e-07 3.877e-02
4.739e-07 3.939e-02
4.734e-07 4.000e-02
4.729e-07 4.054e-02
4.724e-07 4.103e-02
4.719e-07 4.148e-02
4.714e-07 4.190e-02
4.709e-07 4.227e-02
4.704e-07 4.262e-02
4.699e-07 4.295e-02
4.694e-07 4.327e-02
4.689e-07 4.359e-02
4.684e-07 4.392e-02
4.679e-07 4.425e-02
4.674e-07 4.459e-02
4.669e-07 4.494e-02
4.664e-07 4.530e-02
4.659e-07 4.569e-02
4.654e-07 4.613e-02
4.649e-07 4.656e-02
4.644e-07 4.682e-02
4.639e-07 4.692e-02
4.634e-07 4.700e-02
4.629e-07 4.714e-02
4.624e-07 4.730e-02
4.619e-07 4.744e-02
4.614e-07 4.758e-02
4.609e-07 4.769e-02
4.604e-07 4.779e-02
4.599e-07 4.786e-02
4.594e-07 4.790e-02
4.589e-07 4.789e-02
4.584e-07 4.783e-02
4.579e-07 4.774e-02
4.574e-07 4.758e-02
4.569e-07 4.737e-02
4.564e-07 4.712e-02
4.559e-07 4.683e-02
4.554e-07 4.651e-02
4.549e-07 4.620e-02
4.544e-07 4.604e-02
4.539e-07 4.602e-02
4.534e-07 4.606e-02
4.529e-07 4.614e-02
4.524e-07 4.629e-02
4.519e-07 4.651e-02
4.514e-07 4.681e-02
4.509e-07 4.716e-02
4.504e-07 4.755e-02
4.499e-07 4.796e-02
4.494e-07 4.836e-02
4.489e-07 4.874e-02
4.484e-07 4.909e-02
4.479e-07 4.939e-02
4.474e-07 4.963e-02
4.469e-07 4.982e-02
4.464e-07 4.998e-02
4.459e-07 5.012e-02
4.454e-07 5.026e-02
4.449e-07 5.042e-02
4.444e-07 5.062e-02
4.439e-07 5.089e-02
4.434e-07 5.123e-02
4.429e-07 5.163e-02
4.424e-07 5.207e-02
4.419e-07 5.252e-02
4.413e-07 5.294e-02
4.408e-07 5.328e-02
4.403e-07 5.351e-02
4.398e-07 5.359e-02
4.393e-07 5.350e-02
4.388e-07 5.322e-02
4.383e-07 5.278e-02
4.378e-07 5.221e-02
4.373e-07 5.155e-02
4.368e-07 5.086e-02
4.363e-07 5.020e-02
4.358e-07 4.965e-02
4.353e-07 4.928e-02
4.348e-07 4.911e-02
4.343e-07 4.907e-02
4.338e-07 4.916e-02
4.333e-07 4.948e-02
4.328e-07 5.005e-02
4.323e-07 5.082e-02
4.318e-07 5.171e-02
4.313e-07 5.266e-02
4.308e-07 5.359e-02
4.303e-07 5.441e-02
4.298e-07 5.505e-02
4.293e-07 5.547e-02
4.288e-07 5.563e-02
4.283e-07 5.556e-02
4.278e-07 5.529e-02
4.273e-07 5.488e-02
4.268e-07 5.440e-02
4.263e-07 5.391e-02
4.258e-07 5.344e-02
4.253e-07 5.302e-02
4.248e-07 5.268e-02
4.243e-07 5.250e-02
4.238e-07 5.243e-02
4.233e-07 5.238e-02
4.228e-07 5.226e-02
4.223e-07 5.202e-02
4.218e-07 5.165e-02
4.213e-07 5.113e-02
4.208e-07 5.047e-02
4.203e-07 4.968e-02
4.198e-07 4.881e-02
4.193e-07 4.794e-02
4.188e-07 4.713e-02
4.183e-07 4.647e-02
4.178e-07 4.600e-02
4.173e-07 4.578e-02
4.168e-07 4.583e-02
4.163e-07 4.617e-02
4.158e-07 4.677e-02
4.153e-07 4.758e-02
4.148e-07 4.848e-02
4.143e-07 4.933e-02
4.138e-07 5.001e-02
4.133e-07 5.046e-02
4.128e-07 5.062e-02
4.123e-07 5.043e-02
4.118e-07 4.989e-02
4.113e-07 4.906e-02
4.108e-07 4.806e-02
4.103e-07 4.702e-02
4.098e-07 4.605e-02
4.093e-07 4.526e-02
4.088e-07 4.472e-02
4.083e-07 4.451e-02
4.078e-07 4.465e-02
4.073e-07 4.512e-02
4.068e-07 4.588e-02
4.063e-07 4.686e-02
4.058e-07 4.792e-02
4.053e-07 4.891e-02
4.048e-07 4.971e-02
4.043e-07 5.022e-02
4.038e-07 5.039e-02
4.033e-07 5.017e-02
4.028e-07 4.962e-02
4.023e-07 4.887e-02
4.018e-07 4.806e-02
4.013e-07 4.733e-02
4.008e-07 4.675e-02
4.003e-07 4.638e-02
3.998e-07 4.620e-02
3.993e-07 4.616e-02
3.988e-07 4.617e-02
3.983e-07 4.607e-02
3.978e-07 4.574e-02
3.973e-07 4.503e-02
3.968e-07 4.391e-02
3.963e-07 4.241e-02
3.958e-07 4.063e-02
3.953e-07 3.873e-02
3.948e-07 3.687e-02
3.943e-07 3.520e-02
3.938e-07 3.383e-02
3.933e-07 3.282e-02
3.928e-07 3.220e-02
3.923e-07 3.192e-02
3.918e-07 3.189e-02
3.913e-07 3.195e-02
3.908e-07 3.193e-02
3.903e-07 3.166e-02
3.898e-07 3.101e-02
3.893e-07 2.992e-02
3.888e-07 2.842e-02
3.883e-07 2.662e-02
3.878e-07 2.466e-02
3.873e-07 2.266e-02
3.868e-07 2.074e-02
3.863e-07 1.895e-02
3.858e-07 1.733e-02
3.853e-07 1.585e-02
3.848e-07 1.449e-02
3.843e-07 1.322e-02
3.838e-07 1.203e-02
3.833e-07 1.091e-02
3.828e-07 9.838e-03
3.823e-07 8.831e-03
3.818e-07 7.896e-03
3.813e-07 7.043e-03
3.808e-07 6.277e-03
3.803e-07 5.590e-03
3.798e-07 4.978e-03
3.793e-07 4.433e-03
3.788e-07 3.948e-03
3.783e-07 3.509e-03
3.778e-07 3.115e-03
3.773e-07 2.772e-03
3.768e-07 2.475e-03
3.763e-07 2.214e-03
3.758e-07 1.982e-03
3.753e-07 1.779e-03
3.748e-07 1.600e-03
3.743e-07 1.435e-03
3.738e-07 1.280e-03
3.733e-07 1.137e-03
3.728e-07 1.009e-03
3.723e-07 8.974e-04
3.718e-07 8.012e-04
3.713e-07 7.179e-04
3.708e-07 6.450e-04
3.703e-07 5.796e-04
3.698e-07 5.215e-04
3.693e-07 4.727e-04
3.688e-07 4.312e-04
3.683e-07 3.908e-04
3.677e-07 3.517e-04
3.672e-07 3.193e-04
3.667e-07 2.933e-04
3.662e-07 2.671e-04
3.657e-07 2.397e-04
3.652e-07 2.159e-04
3.647e-07 1.972e-04
3.642e-07 1.809e-04
3.637e-07 1.657e-04
3.632e-07 1.508e-04
3.627e-07 1.357e-04
3.622e-07 1.195e-04
3.617e-07 1.039e-04
3.612e-07 9.246e-05
3.607e-07 8.535e-05
3.602e-07 7.884e-05
3.597e-07 7.121e-05
3.592e-07 6.295e-05
3.587e-07 5.521e-05
3.582e-07 4.964e-05
3.577e-07 4.612e-05
3.572e-07 4.276e-05
3.567e-07 3.891e-05
3.562e-07 3.521e-05
3.557e-07 3.159e-05
3.552e-07 2.726e-05
3.547e-07 2.319e-05
3.542e-07 2.194e-05
3.537e-07 2.252e-05
3.532e-07 2.052e-05
3.527e-07 1.617e-05
3.522e-07 1.432e-05
3.517e-07 1.497e-05
3.512e-07 1.328e-05
3.507e-07 9.014e-06
3.502e-07 6.561e-06
3.497e-07 6.905e-06
3.492e-07 7.486e-06
3.487e-07 7.366e-06
3.482e-07 7.348e-06
3.477e-07 7.452e-06
3.472e-07 6.874e-06
3.467e-07 5.560e-06
3.462e-07 4.219e-06
3.457e-07 3.050e-06
3.452e-07 1.729e-06
3.447e-07 4.280e-07
3.442e-07 0.000e+00
3.437e-07 0.000e+00
3.432e-07 5.075e-08
3.427e-07 2.801e-08
3.422e-07 0.000e+00
3.417e-07 0.000e+00
3.412e-07 3.643e-09
3.407e-07 2.011e-09
3.402e-07 0.000e+00
3.397e-07 0.000e+00
3.392e-07 2.616e-10
3.387e-07 1.444e-10
3.382e-07 0.000e+00
3.377e-07 0.000e+00
3.372e-07 1.878e-11
3.367e-07 1.037e-11
3.362e-07 0.000e+00
3.357e-07 0.000e+00
3.352e-07 1.348e-12
3.347e-07 7.443e-13
3.342e-07 0.000e+00
3.337e-07 0.000e+00
3.332e-07 0.000e+00
3.327e-07 0.000e+00
3.322e-07 0.000e+00
3.317e-07 0.000e+00
3.312e-07 0.000e+00
3.307e-07 0.000e+00
3.302e-07 0.000e+00
3.297e-07 0.000e+00
3.292e-07 0.000e+00
3.287e-07 0.000e+00
3.282e-07 0.000e+00
3.277e-07 0.000e+00
3.272e-07 0.000e+00
3.267e-07 0.000e+00
3.262e-07 0.000e+00
3.257e-07 0.000e+00
3.252e-07 0.000e+00
3.247e-07 0.000e+00
3.242e-07 0.000e+00
3.237e-07 0.000e+00
3.232e-07 0.000e+00
3.227e-07 0.000e+00
3.222e-07 0.000e+00
3.217e-07 0.000e+00
3.212e-07 0.000e+00
3.207e-07 0.000e+00
3.202e-07 0.000e+00
3.197e-07 0.000e+00
3.192e-07 0.000e+00
3.187e-07 0.000e+00
3.182e-07 0.000e+00
3.177e-07 0.000e+00
3.172e-07 0.000e+00
3.167e-07 0.000e+00
3.162e-07 0.000e+00
3.157e-07 0.000e+00
3.152e-07 0.000e+00
3.147e-07 0.000e+00
3.142e-07 0.000e+00
3.137e-07 0.000e+00
3.132e-07 0.000e+00
3.127e-07 0.000e+00
3.122e-07 0.000e+00
3.117e-07 0.000e+00
3.112e-07 0.000e+00
3.107e-07 0.000e+00
3.102e-07 0.000e+00
3.097e-07 0.000e+00
3.092e-07 0.000e+00
3.087e-07 0.000e+00
3.082e-07 0.000e+00
3.077e-07 0.000e+00
3.072e-07 0.000e+00
3.067e-07 0.000e+00
3.062e-07 0.000e+00
3.057e-07 0.000e+00
3.052e-07 0.000e+00
3.047e-07 0.000e+00
3.042e-07 0.000e+00
3.037e-07 0.000e+00
3.032e-07 0.000e+00
3.027e-07 0.000e+00
3.022e-07 0.000e+00
3.017e-07 0.000e+00
3.012e-07 0.000e+00
3.007e-07 0.000e+00
3.002e-07 0.000e+00
2.997e-07 0.000e+00
2.992e-07 0.000e+00
2.987e-07 0.000e+00
2.982e-07 0.000e+00
2.977e-07 0.000e+00
2.972e-07 0.000e+00
2.967e-07 0.000e+00
2.962e-07 0.000e+00
2.957e-07 0.000e+00
2.952e-07 0.000e+00
2.947e-07 0.000e+00
2.941e-07 0.000e+00
2.936e-07 0.000e+00
2.931e-07 0.000e+00
2.926e-07 0.000e+00
2.921e-07 0.000e+00
2.916e-07 0.000e+00
2.911e-07 0.000e+00
2.906e-07 0.000e+00
2.901e-07 0.000e+00
2.896e-07 0.000e+00
2.891e-07 0.000e+00
2.886e-07 0.000e+00
2.881e-07 0.000e+00
2.876e-07 0.000e+00
2.871e-07 0.000e+00
2.866e-07 0.000e+00
2.861e-07 0.000e+00
2.856e-07 0.000e+00
2.851e-07 0.000e+00
2.846e-07 0.000e+00
2.841e-07 0.000e+00
2.836e-07 0.000e+00
2.831e-07 0.000e+00
2.826e-07 0.000e+00
2.821e-07 0.000e+00
2.816e-07 0.000e+00
2.811e-07 0.000e+00
2.806e-07 0.000e+00
2.801e-07 0.000e+00
2.796e-07 0.000e+00
2.791e-07 0.000e+00
2.786e-07 0.000e+00
2.781e-07 0.000e+00
2.776e-07 0.000e+00
2.771e-07 0.000e+00
2.766e-07 0.000e+00
2.761e-07 0.000e+00
2.756e-07 0.000e+00
2.751e-07 0.000e+00
2.746e-07 0.000e+00
2.741e-07 0.000e+00
2.736e-07 0.000e+00
2.731e-07 0.000e+00
2.726e-07 0.000e+00
2.721e-07 0.000e+00
2.716e-07 0.000e+00
2.711e-07 0.000e+00
2.706e-07 0.000e+00
2.701e-07 0.000e+00
2.696e-07 0.000e+00
2.691e-07 0.000e+00
2.686e-07 0.000e+00
2.681e-07 0.000e+00
2.676e-07 0.000e+00
2.671e-07 0.000e+00
2.666e-07 0.000e+00
2.661e-07 0.000e+00
2.656e-07 0.000e+00
2.651e-07 0.000e+00
2.646e-07 0.000e+00
2.641e-07 0.000e+00
2.636e-07 0.000e+00
2.631e-07 0.000e+00
2.626e-07 0.000e+00
2.621e-07 0.000e+00
2.616e-07 0.000e+00
2.611e-07 0.000e+00
2.606e-07 0.000e+00
2.601e-07 0.000e+00
2.596e-07 0.000e+00
2.591e-07 0.000e+00
2.586e-07 0.000e+00
2.581e-07 0.000e+00
2.576e-07 0.000e+00
2.571e-07 0.000e+00
2.566e-07 0.000e+00
2.561e-07 0.000e+00
2.556e-07 0.000e+00
2.551e-07 0.000e+00
2.546e-07 0.000e+00
2.541e-07 0.000e+00
2.536e-07 0.000e+00
2.531e-07 0.000e+00
2.526e-07 0.000e+00
2.521e-07 0.000e+00
2.516e-07 0.000e+00
2.511e-07 0.000e+00
2.506e-07 0.000e+00
2.501e-07 0.000e+00
2.496e-07 0.000e+00
2.491e-07 0.000e+00
2.486e-07 0.000e+00
2.481e-07 0.000e+00
2.476e-07 0.000e+00
2.471e-07 0.000e+00
2.466e-07 0.000e+00
2.461e-07 0.000e+00
2.456e-07 0.000e+00
2.451e-07 0.000e+00
2.446e-07 0.000e+00
2.441e-07 0.000e+00
2.436e-07 0.000e+00
2.431e-07 0.000e+00
2.426e-07 0.000e+00
2.421e-07 0.000e+00
2.416e-07 0.000e+00
2.411e-07 0.000e+00
2.406e-07 0.000e+00
2.401e-07 0.000e+00
2.396e-07 0.000e+00
2.391e-07 0.000e+00
2.386e-07 0.000e+00
2.381e-07 0.000e+00
2.376e-07 0.000e+00
2.371e-07 0.000e+00
2.366e-07 0.000e+00
2.361e-07 0.000e+00
2.356e-07 0.000e+00
2.351e-07 0.000e+00
2.346e-07 0.000e+00
2.341e-07 0.000e+00
2.336e-07 0.000e+00
2.331e-07 0.000e+00
2.326e-07 0.000e+00
2.321e-07 0.000e+00
2.316e-07 0.000e+00
2.311e-07 0.000e+00
2.306e-07 0.000e+00
2.301e-07 0.000e+00
2.296e-07 0.000e+00
2.291e-07 0.000e+00
2.286e-07 0.000e+00
2.281e-07 0.000e+00
2.276e-07 0.000e+00
2.271e-07 0.000e+00
2.266e-07 0.000e+00
2.261e-07 0.000e+00
2.256e-07 0.000e+00
2.251e-07 0.000e+00
2.246e-07 0.000e+00
2.241e-07 0.000e+00
2.236e-07 0.000e+00
2.231e-07 0.000e+00
2.226e-07 0.000e+00
2.221e-07 0.000e+00
2.216e-07 0.000e+00
2.211e-07 3.521e-13
2.205e-07 6.378e-13
2.200e-07 0.000e+00
2.195e-07 0.000e+00
2.190e-07 4.904e-12
2.185e-07 8.883e-12
2.180e-07 0.000e+00
2.175e-07 0.000e+00
2.170e-07 6.830e-11
2.165e-07 1.237e-10
2.160e-07 0.000e+00
2.155e-07 0.000e+00
2.150e-07 9.513e-10
2.145e-07 1.723e-09
2.140e-07 0.000e+00
2.135e-07 0.000e+00
2.130e-07 1.325e-08
2.125e-07 2.400e-08
2.120e-07 0.000e+00
2.115e-07 0.000e+00
2.110e-07 2.029e-07
2.105e-07 8.298e-07
2.100e-07 1.496e-06
2.095e-07 2.085e-06
2.090e-07 2.674e-06
2.085e-07 3.291e-06
2.080e-07 3.910e-06
2.075e-07 4.532e-06
2.070e-07 5.187e-06
2.065e-07 5.840e-06
2.060e-07 6.396e-06
2.055e-07 6.999e-06
2.050e-07 7.994e-06
2.045e-07 8.843e-06
2.040e-07 8.172e-06
2.035e-07 5.852e-06
2.030e-07 3.025e-06
2.025e-07 7.075e-07
2.020e-07 0.000e+00
2.015e-07 0.000e+00
2.010e-07 8.300e-08
2.005e-07 4.577e-08
2.000e-07 0.000e+00
1.995e-07 0.000e+00
1.990e-07 5.480e-09
1.985e-07 2.418e-09
1.980e-07 2.003e-10
1.975e-07 2.375e-09
1.970e-07 0.000e+00
1.965e-07 0.000e+00
1.960e-07 2.493e-08
1.955e-07 4.530e-08
1.950e-07 0.000e+00
1.945e-07 0.000e+00
1.940e-07 3.845e-07
1.935e-07 1.596e-06
1.930e-07 2.948e-06
1.925e-07 4.112e-06
1.920e-07 4.990e-06
1.915e-07 6.022e-06
1.910e-07 8.072e-06
1.905e-07 9.712e-06
1.900e-07 7.407e-06
1.895e-07 2.086e-06
1.890e-07 0.000e+00
1.885e-07 0.000e+00
1.880e-07 2.526e-07
1.875e-07 1.394e-07
1.870e-07 0.000e+00
1.865e-07 0.000e+00
1.860e-07 1.814e-08
1.855e-07 1.001e-08
1.850e-07 0.000e+00
1.845e-07 0.000e+00
1.840e-07 1.302e-09
1.835e-07 7.187e-10
1.830e-07 0.000e+00
1.825e-07 0.000e+00
1.820e-07 9.349e-11
1.815e-07 5.160e-11
1.810e-07 0.000e+00
1.805e-07 0.000e+00
1.800e-07 6.712e-12
1.795e-07 3.705e-12
1.790e-07 0.000e+00
1.785e-07 0.000e+00
1.780e-07 4.819e-13
1.775e-07 2.660e-13
1.770e-07 0.000e+00
1.765e-07 0.000e+00
1.760e-07 0.000e+00
1.755e-07 0.000e+00
1.750e-07 0.000e+00
1.745e-07 0.000e+00
1.740e-07 0.000e+00
1.735e-07 0.000e+00
1.730e-07 0.000e+00
1.725e-07 0.000e+00
1.720e-07 0.000e+00
1.715e-07 0.000e+00
1.710e-07 0.000e+00
1.705e-07 0.000e+00
1.700e-07 0.000e+00
1.695e-07 0.000e+00
1.690e-07 0.000e+00
1.685e-07 0.000e+00
1.680e-07 0.000e+00
1.675e-07 0.000e+00
1.670e-07 0.000e+00
1.665e-07 0.000e+00
1.660e-07 0.000e+00
1.655e-07 0.000e+00
1.650e-07 0.000e+00
1.645e-07 0.000e+00
1.640e-07 0.000e+00
1.635e-07 0.000e+00
1.630e-07 0.000e+00
1.625e-07 0.000e+00
1.620e-07 0.000e+00
1.615e-07 0.000e+00
1.610e-07 0.000e+00
1.605e-07 0.000e+00
1.600e-07 0.000e+00