#Swift UVOT M2 band. From makeUvot.py
#http://heasarc.nasa.gov/docs/swift/proposals/swift_responses.html
8.013e-07 0.000e+00
8.008e-07 0.000e+00
8.003e-07 0.000e+00
7.998e-07 0.000e+00
7.993e-07 0.000e+00
7.988e-07 0.000e+00
7.983e-07 0.000e+00
7.978e-07 0.000e+00
7.973e-07 0.000e+00
7.968e-07 0.000e+00
7.963e-07 0.000e+00
7.958e-07 0.000e+00
7.953e-07 0.000e+00
7.948e-07 0.000e+00
7.943e-07 0.000e+00
7.938e-07 0.000e+00
7.933e-07 0.000e+00
7.928e-07 0.000e+00
7.923e-07 0.000e+00
7.918e-07 0.000e+00
7.913e-07 0.000e+00
7.908e-07 0.000e+00
7.903e-07 0.000e+00
7.898e-07 0.000e+00
7.893e-07 0.000e+00
7.888e-07 0.000e+00
7.883e-07 0.000e+00
7.878e-07 0.000e+00
7.873e-07 0.000e+00
7.868e-07 0.000e+00
7.863e-07 0.000e+00
7.858e-07 0.000e+00
7.853e-07 0.000e+00
7.848e-07 0.000e+00
7.843e-07 0.000e+00
7.838e-07 0.000e+00
7.833e-07 0.000e+00
7.828e-07 0.000e+00
7.823e-07 0.000e+00
7.818e-07 0.000e+00
7.813e-07 0.000e+00
7.808e-07 0.000e+00
7.803e-07 0.000e+00
7.798e-07 0.000e+00
7.793e-07 0.000e+00
7.788e-07 0.000e+00
7.783e-07 0.000e+00
7.778e-07 0.000e+00
7.773e-07 0.000e+00
7.768e-07 0.000e+00
7.763e-07 0.000e+00
7.758e-07 0.000e+00
7.753e-07 0.000e+00
7.748e-07 0.000e+00
7.743e-07 0.000e+00
7.738e-07 0.000e+00
7.733e-07 0.000e+00
7.728e-07 0.000e+00
7.723e-07 0.000e+00
7.718e-07 0.000e+00
7.713e-07 0.000e+00
7.708e-07 0.000e+00
7.703e-07 0.000e+00
7.698e-07 0.000e+00
7.693e-07 0.000e+00
7.688e-07 0.000e+00
7.683e-07 0.000e+00
7.678e-07 0.000e+00
7.673e-07 0.000e+00
7.668e-07 0.000e+00
7.663e-07 0.000e+00
7.658e-07 0.000e+00
7.653e-07 0.000e+00
7.648e-07 0.000e+00
7.643e-07 0.000e+00
7.638e-07 0.000e+00
7.633e-07 0.000e+00
7.628e-07 0.000e+00
7.623e-07 0.000e+00
7.618e-07 0.000e+00
7.613e-07 0.000e+00
7.608e-07 0.000e+00
7.603e-07 0.000e+00
7.598e-07 0.000e+00
7.593e-07 0.000e+00
7.588e-07 0.000e+00
7.583e-07 0.000e+00
7.578e-07 0.000e+00
7.573e-07 0.000e+00
7.568e-07 0.000e+00
7.563e-07 0.000e+00
7.558e-07 0.000e+00
7.553e-07 0.000e+00
7.548e-07 0.000e+00
7.543e-07 0.000e+00
7.538e-07 0.000e+00
7.533e-07 0.000e+00
7.528e-07 0.000e+00
7.523e-07 0.000e+00
7.518e-07 0.000e+00
7.513e-07 0.000e+00
7.508e-07 0.000e+00
7.503e-07 0.000e+00
7.498e-07 0.000e+00
7.493e-07 0.000e+00
7.488e-07 0.000e+00
7.483e-07 0.000e+00
7.478e-07 0.000e+00
7.473e-07 0.000e+00
7.468e-07 0.000e+00
7.463e-07 0.000e+00
7.458e-07 0.000e+00
7.453e-07 0.000e+00
7.448e-07 0.000e+00
7.443e-07 0.000e+00
7.438e-07 0.000e+00
7.433e-07 0.000e+00
7.428e-07 0.000e+00
7.423e-07 0.000e+00
7.418e-07 0.000e+00
7.413e-07 0.000e+00
7.408e-07 0.000e+00
7.403e-07 0.000e+00
7.398e-07 0.000e+00
7.393e-07 0.000e+00
7.388e-07 0.000e+00
7.383e-07 0.000e+00
7.378e-07 0.000e+00
7.373e-07 0.000e+00
7.368e-07 0.000e+00
7.363e-07 0.000e+00
7.357e-07 0.000e+00
7.352e-07 0.000e+00
7.347e-07 0.000e+00
7.342e-07 0.000e+00
7.337e-07 0.000e+00
7.332e-07 0.000e+00
7.327e-07 0.000e+00
7.322e-07 0.000e+00
7.317e-07 0.000e+00
7.312e-07 0.000e+00
7.307e-07 0.000e+00
7.302e-07 0.000e+00
7.297e-07 0.000e+00
7.292e-07 0.000e+00
7.287e-07 0.000e+00
7.282e-07 0.000e+00
7.277e-07 0.000e+00
7.272e-07 0.000e+00
7.267e-07 0.000e+00
7.262e-07 0.000e+00
7.257e-07 0.000e+00
7.252e-07 0.000e+00
7.247e-07 0.000e+00
7.242e-07 0.000e+00
7.237e-07 0.000e+00
7.232e-07 0.000e+00
7.227e-07 0.000e+00
7.222e-07 0.000e+00
7.217e-07 0.000e+00
7.212e-07 0.000e+00
7.207e-07 0.000e+00
7.202e-07 0.000e+00
7.197e-07 0.000e+00
7.192e-07 0.000e+00
7.187e-07 0.000e+00
7.182e-07 0.000e+00
7.177e-07 0.000e+00
7.172e-07 0.000e+00
7.167e-07 0.000e+00
7.162e-07 0.000e+00
7.157e-07 0.000e+00
7.152e-07 0.000e+00
7.147e-07 0.000e+00
7.142e-07 0.000e+00
7.137e-07 0.000e+00
7.132e-07 0.000e+00
7.127e-07 0.000e+00
7.122e-07 0.000e+00
7.117e-07 1.807e-13
7.112e-07 3.274e-13
7.107e-07 0.000e+00
7.102e-07 0.000e+00
7.097e-07 2.517e-12
7.092e-07 4.560e-12
7.087e-07 0.000e+00
7.082e-07 0.000e+00
7.077e-07 3.506e-11
7.072e-07 6.351e-11
7.067e-07 0.000e+00
7.062e-07 0.000e+00
7.057e-07 4.883e-10
7.052e-07 8.846e-10
7.047e-07 0.000e+00
7.042e-07 0.000e+00
7.037e-07 6.801e-09
7.032e-07 1.232e-08
7.027e-07 0.000e+00
7.022e-07 0.000e+00
7.017e-07 1.022e-07
7.012e-07 3.725e-07
7.007e-07 5.246e-07
7.002e-07 5.107e-07
6.997e-07 4.799e-07
6.992e-07 4.917e-07
6.987e-07 5.080e-07
6.982e-07 5.129e-07
6.977e-07 5.166e-07
6.972e-07 5.233e-07
6.967e-07 5.304e-07
6.962e-07 5.367e-07
6.957e-07 5.428e-07
6.952e-07 5.492e-07
6.947e-07 5.556e-07
6.942e-07 5.619e-07
6.937e-07 5.683e-07
6.932e-07 5.746e-07
6.927e-07 5.810e-07
6.922e-07 5.874e-07
6.917e-07 5.937e-07
6.912e-07 6.001e-07
6.907e-07 6.064e-07
6.902e-07 6.128e-07
6.897e-07 6.191e-07
6.892e-07 6.255e-07
6.887e-07 6.318e-07
6.882e-07 6.382e-07
6.877e-07 6.445e-07
6.872e-07 6.509e-07
6.867e-07 6.572e-07
6.862e-07 6.636e-07
6.857e-07 6.700e-07
6.852e-07 6.763e-07
6.847e-07 6.827e-07
6.842e-07 6.890e-07
6.837e-07 6.954e-07
6.832e-07 7.017e-07
6.827e-07 7.081e-07
6.822e-07 7.144e-07
6.817e-07 7.208e-07
6.812e-07 7.271e-07
6.807e-07 7.335e-07
6.802e-07 7.398e-07
6.797e-07 7.462e-07
6.792e-07 7.526e-07
6.787e-07 7.589e-07
6.782e-07 7.653e-07
6.777e-07 7.716e-07
6.772e-07 7.780e-07
6.767e-07 7.843e-07
6.762e-07 7.907e-07
6.757e-07 7.970e-07
6.752e-07 8.034e-07
6.747e-07 8.097e-07
6.742e-07 8.161e-07
6.737e-07 8.224e-07
6.732e-07 8.288e-07
6.727e-07 8.352e-07
6.722e-07 8.415e-07
6.717e-07 8.479e-07
6.712e-07 8.542e-07
6.707e-07 8.606e-07
6.702e-07 8.669e-07
6.697e-07 8.733e-07
6.692e-07 8.796e-07
6.687e-07 8.860e-07
6.682e-07 8.923e-07
6.677e-07 8.987e-07
6.672e-07 9.050e-07
6.667e-07 9.114e-07
6.662e-07 9.177e-07
6.657e-07 9.241e-07
6.652e-07 9.305e-07
6.647e-07 9.368e-07
6.642e-07 9.432e-07
6.637e-07 9.495e-07
6.632e-07 9.559e-07
6.627e-07 9.622e-07
6.621e-07 9.686e-07
6.616e-07 9.749e-07
6.611e-07 9.813e-07
6.606e-07 9.876e-07
6.601e-07 9.940e-07
6.596e-07 1.000e-06
6.591e-07 1.007e-06
6.586e-07 1.013e-06
6.581e-07 1.019e-06
6.576e-07 1.026e-06
6.571e-07 1.032e-06
6.566e-07 1.038e-06
6.561e-07 1.045e-06
6.556e-07 1.051e-06
6.551e-07 1.058e-06
6.546e-07 1.064e-06
6.541e-07 1.070e-06
6.536e-07 1.077e-06
6.531e-07 1.083e-06
6.526e-07 1.089e-06
6.521e-07 1.096e-06
6.516e-07 1.102e-06
6.511e-07 1.108e-06
6.506e-07 1.115e-06
6.501e-07 1.121e-06
6.496e-07 1.127e-06
6.491e-07 1.134e-06
6.486e-07 1.140e-06
6.481e-07 1.146e-06
6.476e-07 1.153e-06
6.471e-07 1.159e-06
6.466e-07 1.166e-06
6.461e-07 1.172e-06
6.456e-07 1.178e-06
6.451e-07 1.185e-06
6.446e-07 1.191e-06
6.441e-07 1.197e-06
6.436e-07 1.204e-06
6.431e-07 1.210e-06
6.426e-07 1.216e-06
6.421e-07 1.223e-06
6.416e-07 1.229e-06
6.411e-07 1.235e-06
6.406e-07 1.242e-06
6.401e-07 1.250e-06
6.396e-07 1.257e-06
6.391e-07 1.265e-06
6.386e-07 1.272e-06
6.381e-07 1.280e-06
6.376e-07 1.287e-06
6.371e-07 1.295e-06
6.366e-07 1.303e-06
6.361e-07 1.310e-06
6.356e-07 1.318e-06
6.351e-07 1.325e-06
6.346e-07 1.333e-06
6.341e-07 1.340e-06
6.336e-07 1.348e-06
6.331e-07 1.355e-06
6.326e-07 1.363e-06
6.321e-07 1.370e-06
6.316e-07 1.378e-06
6.311e-07 1.385e-06
6.306e-07 1.393e-06
6.301e-07 1.400e-06
6.296e-07 1.408e-06
6.291e-07 1.415e-06
6.286e-07 1.423e-06
6.281e-07 1.430e-06
6.276e-07 1.438e-06
6.271e-07 1.445e-06
6.266e-07 1.453e-06
6.261e-07 1.460e-06
6.256e-07 1.468e-06
6.251e-07 1.476e-06
6.246e-07 1.483e-06
6.241e-07 1.491e-06
6.236e-07 1.498e-06
6.231e-07 1.506e-06
6.226e-07 1.513e-06
6.221e-07 1.521e-06
6.216e-07 1.528e-06
6.211e-07 1.536e-06
6.206e-07 1.543e-06
6.201e-07 1.551e-06
6.196e-07 1.558e-06
6.191e-07 1.566e-06
6.186e-07 1.573e-06
6.181e-07 1.581e-06
6.176e-07 1.588e-06
6.171e-07 1.596e-06
6.166e-07 1.603e-06
6.161e-07 1.611e-06
6.156e-07 1.618e-06
6.151e-07 1.626e-06
6.146e-07 1.634e-06
6.141e-07 1.641e-06
6.136e-07 1.649e-06
6.131e-07 1.656e-06
6.126e-07 1.664e-06
6.121e-07 1.671e-06
6.116e-07 1.679e-06
6.111e-07 1.686e-06
6.106e-07 1.694e-06
6.101e-07 1.701e-06
6.096e-07 1.709e-06
6.091e-07 1.716e-06
6.086e-07 1.724e-06
6.081e-07 1.731e-06
6.076e-07 1.739e-06
6.071e-07 1.746e-06
6.066e-07 1.754e-06
6.061e-07 1.761e-06
6.056e-07 1.769e-06
6.051e-07 1.776e-06
6.046e-07 1.784e-06
6.041e-07 1.791e-06
6.036e-07 1.799e-06
6.031e-07 1.806e-06
6.026e-07 1.814e-06
6.021e-07 1.822e-06
6.016e-07 1.829e-06
6.011e-07 1.836e-06
6.006e-07 1.845e-06
6.001e-07 1.855e-06
5.996e-07 1.866e-06
5.991e-07 1.876e-06
5.986e-07 1.886e-06
5.981e-07 1.896e-06
5.976e-07 1.906e-06
5.971e-07 1.916e-06
5.966e-07 1.927e-06
5.961e-07 1.937e-06
5.956e-07 1.947e-06
5.951e-07 1.957e-06
5.946e-07 1.967e-06
5.941e-07 1.978e-06
5.936e-07 1.988e-06
5.931e-07 1.998e-06
5.926e-07 2.008e-06
5.921e-07 2.018e-06
5.916e-07 2.029e-06
5.911e-07 2.039e-06
5.906e-07 2.049e-06
5.901e-07 2.060e-06
5.896e-07 2.070e-06
5.891e-07 2.080e-06
5.885e-07 2.091e-06
5.880e-07 2.102e-06
5.875e-07 2.111e-06
5.870e-07 2.121e-06
5.865e-07 2.136e-06
5.860e-07 2.148e-06
5.855e-07 2.142e-06
5.850e-07 2.122e-06
5.845e-07 2.113e-06
5.840e-07 2.121e-06
5.835e-07 2.131e-06
5.830e-07 2.137e-06
5.825e-07 2.142e-06
5.820e-07 2.149e-06
5.815e-07 2.155e-06
5.810e-07 2.162e-06
5.805e-07 2.168e-06
5.800e-07 2.174e-06
5.795e-07 2.181e-06
5.790e-07 2.187e-06
5.785e-07 2.193e-06
5.780e-07 2.200e-06
5.775e-07 2.206e-06
5.770e-07 2.213e-06
5.765e-07 2.219e-06
5.760e-07 2.226e-06
5.755e-07 2.231e-06
5.750e-07 2.237e-06
5.745e-07 2.247e-06
5.740e-07 2.262e-06
5.735e-07 2.277e-06
5.730e-07 2.291e-06
5.725e-07 2.305e-06
5.720e-07 2.319e-06
5.715e-07 2.333e-06
5.710e-07 2.347e-06
5.705e-07 2.361e-06
5.700e-07 2.374e-06
5.695e-07 2.388e-06
5.690e-07 2.402e-06
5.685e-07 2.416e-06
5.680e-07 2.429e-06
5.675e-07 2.443e-06
5.670e-07 2.457e-06
5.665e-07 2.470e-06
5.660e-07 2.484e-06
5.655e-07 2.498e-06
5.650e-07 2.512e-06
5.645e-07 2.524e-06
5.640e-07 2.533e-06
5.635e-07 2.542e-06
5.630e-07 2.552e-06
5.625e-07 2.561e-06
5.620e-07 2.571e-06
5.615e-07 2.580e-06
5.610e-07 2.590e-06
5.605e-07 2.599e-06
5.600e-07 2.609e-06
5.595e-07 2.619e-06
5.590e-07 2.629e-06
5.585e-07 2.638e-06
5.580e-07 2.648e-06
5.575e-07 2.658e-06
5.570e-07 2.668e-06
5.565e-07 2.677e-06
5.560e-07 2.687e-06
5.555e-07 2.697e-06
5.550e-07 2.707e-06
5.545e-07 2.716e-06
5.540e-07 2.725e-06
5.535e-07 2.734e-06
5.530e-07 2.744e-06
5.525e-07 2.753e-06
5.520e-07 2.762e-06
5.515e-07 2.771e-06
5.510e-07 2.780e-06
5.505e-07 2.789e-06
5.500e-07 2.798e-06
5.495e-07 2.807e-06
5.490e-07 2.816e-06
5.485e-07 2.825e-06
5.480e-07 2.834e-06
5.475e-07 2.843e-06
5.470e-07 2.852e-06
5.465e-07 2.861e-06
5.460e-07 2.870e-06
5.455e-07 2.879e-06
5.450e-07 2.888e-06
5.445e-07 2.898e-06
5.440e-07 2.910e-06
5.435e-07 2.922e-06
5.430e-07 2.933e-06
5.425e-07 2.945e-06
5.420e-07 2.957e-06
5.415e-07 2.968e-06
5.410e-07 2.980e-06
5.405e-07 2.992e-06
5.400e-07 3.003e-06
5.395e-07 3.015e-06
5.390e-07 3.027e-06
5.385e-07 3.038e-06
5.380e-07 3.050e-06
5.375e-07 3.062e-06
5.370e-07 3.073e-06
5.365e-07 3.085e-06
5.360e-07 3.097e-06
5.355e-07 3.108e-06
5.350e-07 3.119e-06
5.345e-07 3.135e-06
5.340e-07 3.156e-06
5.335e-07 3.177e-06
5.330e-07 3.198e-06
5.325e-07 3.218e-06
5.320e-07 3.238e-06
5.315e-07 3.259e-06
5.310e-07 3.279e-06
5.305e-07 3.300e-06
5.300e-07 3.320e-06
5.295e-07 3.341e-06
5.290e-07 3.362e-06
5.285e-07 3.383e-06
5.280e-07 3.403e-06
5.275e-07 3.424e-06
5.270e-07 3.445e-06
5.265e-07 3.465e-06
5.260e-07 3.486e-06
5.255e-07 3.509e-06
5.250e-07 3.530e-06
5.245e-07 3.544e-06
5.240e-07 3.548e-06
5.235e-07 3.551e-06
5.230e-07 3.557e-06
5.225e-07 3.563e-06
5.220e-07 3.568e-06
5.215e-07 3.573e-06
5.210e-07 3.579e-06
5.205e-07 3.584e-06
5.200e-07 3.589e-06
5.195e-07 3.595e-06
5.190e-07 3.600e-06
5.185e-07 3.605e-06
5.180e-07 3.610e-06
5.175e-07 3.616e-06
5.170e-07 3.621e-06
5.165e-07 3.626e-06
5.160e-07 3.632e-06
5.155e-07 3.636e-06
5.149e-07 3.641e-06
5.144e-07 3.651e-06
5.139e-07 3.667e-06
5.134e-07 3.683e-06
5.129e-07 3.698e-06
5.124e-07 3.713e-06
5.119e-07 3.728e-06
5.114e-07 3.744e-06
5.109e-07 3.759e-06
5.104e-07 3.774e-06
5.099e-07 3.789e-06
5.094e-07 3.804e-06
5.089e-07 3.819e-06
5.084e-07 3.834e-06
5.079e-07 3.850e-06
5.074e-07 3.865e-06
5.069e-07 3.880e-06
5.064e-07 3.895e-06
5.059e-07 3.910e-06
5.054e-07 3.925e-06
5.049e-07 3.940e-06
5.044e-07 3.957e-06
5.039e-07 3.976e-06
5.034e-07 3.995e-06
5.029e-07 4.014e-06
5.024e-07 4.032e-06
5.019e-07 4.051e-06
5.014e-07 4.069e-06
5.009e-07 4.088e-06
5.004e-07 4.107e-06
4.999e-07 4.126e-06
4.994e-07 4.145e-06
4.989e-07 4.164e-06
4.984e-07 4.183e-06
4.979e-07 4.202e-06
4.974e-07 4.222e-06
4.969e-07 4.241e-06
4.964e-07 4.260e-06
4.959e-07 4.279e-06
4.954e-07 4.299e-06
4.949e-07 4.320e-06
4.944e-07 4.332e-06
4.939e-07 4.336e-06
4.934e-07 4.339e-06
4.929e-07 4.345e-06
4.924e-07 4.351e-06
4.919e-07 4.356e-06
4.914e-07 4.361e-06
4.909e-07 4.366e-06
4.904e-07 4.371e-06
4.899e-07 4.376e-06
4.894e-07 4.381e-06
4.889e-07 4.385e-06
4.884e-07 4.390e-06
4.879e-07 4.395e-06
4.874e-07 4.400e-06
4.869e-07 4.405e-06
4.864e-07 4.410e-06
4.859e-07 4.415e-06
4.854e-07 4.419e-06
4.849e-07 4.424e-06
4.844e-07 4.430e-06
4.839e-07 4.437e-06
4.834e-07 4.444e-06
4.829e-07 4.450e-06
4.824e-07 4.457e-06
4.819e-07 4.463e-06
4.814e-07 4.470e-06
4.809e-07 4.477e-06
4.804e-07 4.483e-06
4.799e-07 4.490e-06
4.794e-07 4.496e-06
4.789e-07 4.503e-06
4.784e-07 4.510e-06
4.779e-07 4.516e-06
4.774e-07 4.522e-06
4.769e-07 4.529e-06
4.764e-07 4.536e-06
4.759e-07 4.543e-06
4.754e-07 4.546e-06
4.749e-07 4.550e-06
4.744e-07 4.573e-06
4.739e-07 4.612e-06
4.734e-07 4.654e-06
4.729e-07 4.691e-06
4.724e-07 4.728e-06
4.719e-07 4.765e-06
4.714e-07 4.803e-06
4.709e-07 4.841e-06
4.704e-07 4.879e-06
4.699e-07 4.916e-06
4.694e-07 4.954e-06
4.689e-07 4.992e-06
4.684e-07 5.030e-06
4.679e-07 5.067e-06
4.674e-07 5.106e-06
4.669e-07 5.144e-06
4.664e-07 5.180e-06
4.659e-07 5.217e-06
4.654e-07 5.260e-06
4.649e-07 5.300e-06
4.644e-07 5.320e-06
4.639e-07 5.321e-06
4.634e-07 5.320e-06
4.629e-07 5.324e-06
4.624e-07 5.329e-06
4.619e-07 5.332e-06
4.614e-07 5.335e-06
4.609e-07 5.338e-06
4.604e-07 5.342e-06
4.599e-07 5.345e-06
4.594e-07 5.349e-06
4.589e-07 5.352e-06
4.584e-07 5.356e-06
4.579e-07 5.359e-06
4.574e-07 5.362e-06
4.569e-07 5.366e-06
4.564e-07 5.370e-06
4.559e-07 5.374e-06
4.554e-07 5.375e-06
4.549e-07 5.376e-06
4.544e-07 5.390e-06
4.539e-07 5.416e-06
4.534e-07 5.444e-06
4.529e-07 5.468e-06
4.524e-07 5.492e-06
4.519e-07 5.516e-06
4.514e-07 5.541e-06
4.509e-07 5.566e-06
4.504e-07 5.590e-06
4.499e-07 5.615e-06
4.494e-07 5.639e-06
4.489e-07 5.664e-06
4.484e-07 5.688e-06
4.479e-07 5.713e-06
4.474e-07 5.737e-06
4.469e-07 5.762e-06
4.464e-07 5.786e-06
4.459e-07 5.811e-06
4.454e-07 5.835e-06
4.449e-07 5.859e-06
4.444e-07 5.884e-06
4.439e-07 5.909e-06
4.434e-07 5.934e-06
4.429e-07 5.959e-06
4.424e-07 5.984e-06
4.419e-07 6.009e-06
4.413e-07 6.034e-06
4.408e-07 6.058e-06
4.403e-07 6.083e-06
4.398e-07 6.107e-06
4.393e-07 6.132e-06
4.388e-07 6.156e-06
4.383e-07 6.181e-06
4.378e-07 6.205e-06
4.373e-07 6.230e-06
4.368e-07 6.254e-06
4.363e-07 6.278e-06
4.358e-07 6.302e-06
4.353e-07 6.329e-06
4.348e-07 6.355e-06
4.343e-07 6.368e-06
4.338e-07 6.369e-06
4.333e-07 6.368e-06
4.328e-07 6.371e-06
4.323e-07 6.373e-06
4.318e-07 6.375e-06
4.313e-07 6.377e-06
4.308e-07 6.379e-06
4.303e-07 6.382e-06
4.298e-07 6.384e-06
4.293e-07 6.387e-06
4.288e-07 6.389e-06
4.283e-07 6.392e-06
4.278e-07 6.394e-06
4.273e-07 6.396e-06
4.268e-07 6.399e-06
4.263e-07 6.402e-06
4.258e-07 6.404e-06
4.253e-07 6.405e-06
4.248e-07 6.407e-06
4.243e-07 6.415e-06
4.238e-07 6.432e-06
4.233e-07 6.449e-06
4.228e-07 6.464e-06
4.223e-07 6.478e-06
4.218e-07 6.494e-06
4.213e-07 6.509e-06
4.208e-07 6.525e-06
4.203e-07 6.540e-06
4.198e-07 6.554e-06
4.193e-07 6.569e-06
4.188e-07 6.584e-06
4.183e-07 6.598e-06
4.178e-07 6.613e-06
4.173e-07 6.628e-06
4.168e-07 6.643e-06
4.163e-07 6.657e-06
4.158e-07 6.672e-06
4.153e-07 6.688e-06
4.148e-07 6.703e-06
4.143e-07 6.712e-06
4.138e-07 6.713e-06
4.133e-07 6.713e-06
4.128e-07 6.715e-06
4.123e-07 6.718e-06
4.118e-07 6.719e-06
4.113e-07 6.721e-06
4.108e-07 6.723e-06
4.103e-07 6.725e-06
4.098e-07 6.727e-06
4.093e-07 6.728e-06
4.088e-07 6.730e-06
4.083e-07 6.732e-06
4.078e-07 6.733e-06
4.073e-07 6.735e-06
4.068e-07 6.737e-06
4.063e-07 6.739e-06
4.058e-07 6.741e-06
4.053e-07 6.741e-06
4.048e-07 6.742e-06
4.043e-07 6.749e-06
4.038e-07 6.762e-06
4.033e-07 6.776e-06
4.028e-07 6.789e-06
4.023e-07 6.801e-06
4.018e-07 6.814e-06
4.013e-07 6.826e-06
4.008e-07 6.839e-06
4.003e-07 6.851e-06
3.998e-07 6.864e-06
3.993e-07 6.877e-06
3.988e-07 6.890e-06
3.983e-07 6.903e-06
3.978e-07 6.915e-06
3.973e-07 6.928e-06
3.968e-07 6.941e-06
3.963e-07 6.954e-06
3.958e-07 6.967e-06
3.953e-07 6.979e-06
3.948e-07 6.992e-06
3.943e-07 7.007e-06
3.938e-07 7.023e-06
3.933e-07 7.040e-06
3.928e-07 7.056e-06
3.923e-07 7.072e-06
3.918e-07 7.088e-06
3.913e-07 7.105e-06
3.908e-07 7.121e-06
3.903e-07 7.137e-06
3.898e-07 7.154e-06
3.893e-07 7.170e-06
3.888e-07 7.186e-06
3.883e-07 7.202e-06
3.878e-07 7.218e-06
3.873e-07 7.235e-06
3.868e-07 7.251e-06
3.863e-07 7.267e-06
3.858e-07 7.283e-06
3.853e-07 7.299e-06
3.848e-07 7.316e-06
3.843e-07 7.333e-06
3.838e-07 7.351e-06
3.833e-07 7.369e-06
3.828e-07 7.387e-06
3.823e-07 7.405e-06
3.818e-07 7.423e-06
3.813e-07 7.441e-06
3.808e-07 7.459e-06
3.803e-07 7.477e-06
3.798e-07 7.495e-06
3.793e-07 7.513e-06
3.788e-07 7.531e-06
3.783e-07 7.549e-06
3.778e-07 7.568e-06
3.773e-07 7.586e-06
3.768e-07 7.604e-06
3.763e-07 7.622e-06
3.758e-07 7.640e-06
3.753e-07 7.661e-06
3.748e-07 7.681e-06
3.743e-07 7.687e-06
3.738e-07 7.678e-06
3.733e-07 7.668e-06
3.728e-07 7.662e-06
3.723e-07 7.656e-06
3.718e-07 7.649e-06
3.713e-07 7.642e-06
3.708e-07 7.635e-06
3.703e-07 7.628e-06
3.698e-07 7.620e-06
3.693e-07 7.613e-06
3.688e-07 7.605e-06
3.683e-07 7.598e-06
3.677e-07 7.590e-06
3.672e-07 7.583e-06
3.667e-07 7.576e-06
3.662e-07 7.568e-06
3.657e-07 7.561e-06
3.652e-07 7.554e-06
3.647e-07 7.547e-06
3.642e-07 7.538e-06
3.637e-07 7.528e-06
3.632e-07 7.518e-06
3.627e-07 7.507e-06
3.622e-07 7.499e-06
3.617e-07 7.491e-06
3.612e-07 7.474e-06
3.607e-07 7.461e-06
3.602e-07 7.475e-06
3.597e-07 7.479e-06
3.592e-07 7.380e-06
3.587e-07 7.321e-06
3.582e-07 7.672e-06
3.577e-07 8.438e-06
3.572e-07 9.265e-06
3.567e-07 1.000e-05
3.562e-07 1.072e-05
3.557e-07 1.144e-05
3.552e-07 1.212e-05
3.547e-07 1.281e-05
3.542e-07 1.363e-05
3.537e-07 1.443e-05
3.532e-07 1.480e-05
3.527e-07 1.473e-05
3.522e-07 1.463e-05
3.517e-07 1.463e-05
3.512e-07 1.465e-05
3.507e-07 1.463e-05
3.502e-07 1.461e-05
3.497e-07 1.460e-05
3.492e-07 1.459e-05
3.487e-07 1.458e-05
3.482e-07 1.457e-05
3.477e-07 1.456e-05
3.472e-07 1.455e-05
3.467e-07 1.454e-05
3.462e-07 1.453e-05
3.457e-07 1.452e-05
3.452e-07 1.453e-05
3.447e-07 1.453e-05
3.442e-07 1.445e-05
3.437e-07 1.444e-05
3.432e-07 1.484e-05
3.427e-07 1.564e-05
3.422e-07 1.651e-05
3.417e-07 1.730e-05
3.412e-07 1.807e-05
3.407e-07 1.885e-05
3.402e-07 1.960e-05
3.397e-07 2.036e-05
3.392e-07 2.126e-05
3.387e-07 2.213e-05
3.382e-07 2.257e-05
3.377e-07 2.258e-05
3.372e-07 2.254e-05
3.367e-07 2.261e-05
3.362e-07 2.269e-05
3.357e-07 2.274e-05
3.352e-07 2.282e-05
3.347e-07 2.290e-05
3.342e-07 2.284e-05
3.337e-07 2.280e-05
3.332e-07 2.318e-05
3.327e-07 2.399e-05
3.322e-07 2.488e-05
3.317e-07 2.567e-05
3.312e-07 2.644e-05
3.307e-07 2.721e-05
3.302e-07 2.797e-05
3.297e-07 2.874e-05
3.292e-07 2.954e-05
3.287e-07 3.035e-05
3.282e-07 3.115e-05
3.277e-07 3.192e-05
3.272e-07 3.269e-05
3.267e-07 3.346e-05
3.262e-07 3.426e-05
3.257e-07 3.507e-05
3.252e-07 3.590e-05
3.247e-07 3.670e-05
3.242e-07 3.736e-05
3.237e-07 3.800e-05
3.232e-07 3.892e-05
3.227e-07 4.012e-05
3.222e-07 4.123e-05
3.217e-07 4.230e-05
3.212e-07 4.376e-05
3.207e-07 4.509e-05
3.202e-07 4.497e-05
3.197e-07 4.441e-05
3.192e-07 4.663e-05
3.187e-07 5.087e-05
3.182e-07 5.249e-05
3.177e-07 5.166e-05
3.172e-07 5.338e-05
3.167e-07 5.762e-05
3.162e-07 5.933e-05
3.157e-07 5.848e-05
3.152e-07 6.006e-05
3.147e-07 6.422e-05
3.142e-07 6.626e-05
3.137e-07 6.621e-05
3.132e-07 6.880e-05
3.127e-07 7.387e-05
3.122e-07 7.635e-05
3.117e-07 7.632e-05
3.112e-07 7.893e-05
3.107e-07 8.421e-05
3.102e-07 8.701e-05
3.097e-07 8.707e-05
3.092e-07 8.912e-05
3.087e-07 9.423e-05
3.082e-07 9.971e-05
3.077e-07 1.045e-04
3.072e-07 1.092e-04
3.067e-07 1.143e-04
3.062e-07 1.194e-04
3.057e-07 1.245e-04
3.052e-07 1.298e-04
3.047e-07 1.351e-04
3.042e-07 1.400e-04
3.037e-07 1.443e-04
3.032e-07 1.486e-04
3.027e-07 1.531e-04
3.022e-07 1.577e-04
3.017e-07 1.623e-04
3.012e-07 1.662e-04
3.007e-07 1.704e-04
3.002e-07 1.768e-04
2.997e-07 1.859e-04
2.992e-07 1.960e-04
2.987e-07 2.051e-04
2.982e-07 2.111e-04
2.977e-07 2.151e-04
2.972e-07 2.216e-04
2.967e-07 2.310e-04
2.962e-07 2.398e-04
2.957e-07 2.483e-04
2.952e-07 2.600e-04
2.947e-07 2.741e-04
2.941e-07 2.853e-04
2.936e-07 2.937e-04
2.931e-07 3.045e-04
2.926e-07 3.185e-04
2.921e-07 3.321e-04
2.916e-07 3.452e-04
2.911e-07 3.615e-04
2.906e-07 3.802e-04
2.901e-07 3.962e-04
2.896e-07 4.093e-04
2.891e-07 4.240e-04
2.886e-07 4.423e-04
2.881e-07 4.634e-04
2.876e-07 4.863e-04
2.871e-07 5.096e-04
2.866e-07 5.324e-04
2.861e-07 5.547e-04
2.856e-07 5.772e-04
2.851e-07 6.020e-04
2.846e-07 6.295e-04
2.841e-07 6.591e-04
2.836e-07 6.911e-04
2.831e-07 7.263e-04
2.826e-07 7.635e-04
2.821e-07 7.995e-04
2.816e-07 8.357e-04
2.811e-07 8.772e-04
2.806e-07 9.240e-04
2.801e-07 9.702e-04
2.796e-07 1.016e-03
2.791e-07 1.066e-03
2.786e-07 1.122e-03
2.781e-07 1.180e-03
2.776e-07 1.240e-03
2.771e-07 1.305e-03
2.766e-07 1.375e-03
2.761e-07 1.447e-03
2.756e-07 1.521e-03
2.751e-07 1.602e-03
2.746e-07 1.690e-03
2.741e-07 1.784e-03
2.736e-07 1.879e-03
2.731e-07 1.974e-03
2.726e-07 2.073e-03
2.721e-07 2.179e-03
2.716e-07 2.296e-03
2.711e-07 2.424e-03
2.706e-07 2.559e-03
2.701e-07 2.698e-03
2.696e-07 2.842e-03
2.691e-07 2.993e-03
2.686e-07 3.152e-03
2.681e-07 3.310e-03
2.676e-07 3.474e-03
2.671e-07 3.658e-03
2.666e-07 3.861e-03
2.661e-07 4.070e-03
2.656e-07 4.284e-03
2.651e-07 4.510e-03
2.646e-07 4.751e-03
2.641e-07 5.002e-03
2.636e-07 5.262e-03
2.631e-07 5.536e-03
2.626e-07 5.821e-03
2.621e-07 6.111e-03
2.616e-07 6.409e-03
2.611e-07 6.721e-03
2.606e-07 7.048e-03
2.601e-07 7.378e-03
2.596e-07 7.714e-03
2.591e-07 8.067e-03
2.586e-07 8.436e-03
2.581e-07 8.806e-03
2.576e-07 9.179e-03
2.571e-07 9.569e-03
2.566e-07 9.979e-03
2.561e-07 1.039e-02
2.556e-07 1.081e-02
2.551e-07 1.121e-02
2.546e-07 1.161e-02
2.541e-07 1.205e-02
2.536e-07 1.251e-02
2.531e-07 1.298e-02
2.526e-07 1.346e-02
2.521e-07 1.395e-02
2.516e-07 1.444e-02
2.511e-07 1.491e-02
2.506e-07 1.535e-02
2.501e-07 1.579e-02
2.496e-07 1.623e-02
2.491e-07 1.668e-02
2.486e-07 1.714e-02
2.481e-07 1.759e-02
2.476e-07 1.802e-02
2.471e-07 1.844e-02
2.466e-07 1.887e-02
2.461e-07 1.931e-02
2.456e-07 1.975e-02
2.451e-07 2.021e-02
2.446e-07 2.062e-02
2.441e-07 2.094e-02
2.436e-07 2.117e-02
2.431e-07 2.140e-02
2.426e-07 2.168e-02
2.421e-07 2.197e-02
2.416e-07 2.225e-02
2.411e-07 2.251e-02
2.406e-07 2.272e-02
2.401e-07 2.289e-02
2.396e-07 2.305e-02
2.391e-07 2.325e-02
2.386e-07 2.348e-02
2.381e-07 2.370e-02
2.376e-07 2.388e-02
2.371e-07 2.405e-02
2.366e-07 2.421e-02
2.361e-07 2.435e-02
2.356e-07 2.450e-02
2.351e-07 2.464e-02
2.346e-07 2.479e-02
2.341e-07 2.498e-02
2.336e-07 2.519e-02
2.331e-07 2.538e-02
2.326e-07 2.555e-02
2.321e-07 2.575e-02
2.316e-07 2.598e-02
2.311e-07 2.619e-02
2.306e-07 2.636e-02
2.301e-07 2.652e-02
2.296e-07 2.667e-02
2.291e-07 2.683e-02
2.286e-07 2.698e-02
2.281e-07 2.715e-02
2.276e-07 2.732e-02
2.271e-07 2.748e-02
2.266e-07 2.760e-02
2.261e-07 2.772e-02
2.256e-07 2.782e-02
2.251e-07 2.790e-02
2.246e-07 2.801e-02
2.241e-07 2.824e-02
2.236e-07 2.859e-02
2.231e-07 2.894e-02
2.226e-07 2.925e-02
2.221e-07 2.951e-02
2.216e-07 2.977e-02
2.211e-07 3.010e-02
2.205e-07 3.046e-02
2.200e-07 3.066e-02
2.195e-07 3.069e-02
2.190e-07 3.066e-02
2.185e-07 3.065e-02
2.180e-07 3.068e-02
2.175e-07 3.075e-02
2.170e-07 3.081e-02
2.165e-07 3.086e-02
2.160e-07 3.087e-02
2.155e-07 3.087e-02
2.150e-07 3.087e-02
2.145e-07 3.086e-02
2.140e-07 3.084e-02
2.135e-07 3.081e-02
2.130e-07 3.079e-02
2.125e-07 3.078e-02
2.120e-07 3.072e-02
2.115e-07 3.058e-02
2.110e-07 3.040e-02
2.105e-07 3.023e-02
2.100e-07 3.013e-02
2.095e-07 3.010e-02
2.090e-07 3.003e-02
2.085e-07 2.987e-02
2.080e-07 2.959e-02
2.075e-07 2.924e-02
2.070e-07 2.884e-02
2.065e-07 2.841e-02
2.060e-07 2.789e-02
2.055e-07 2.729e-02
2.050e-07 2.666e-02
2.045e-07 2.601e-02
2.040e-07 2.526e-02
2.035e-07 2.440e-02
2.030e-07 2.347e-02
2.025e-07 2.249e-02
2.020e-07 2.148e-02
2.015e-07 2.044e-02
2.010e-07 1.938e-02
2.005e-07 1.829e-02
2.000e-07 1.716e-02
1.995e-07 1.601e-02
1.990e-07 1.494e-02
1.985e-07 1.393e-02
1.980e-07 1.296e-02
1.975e-07 1.200e-02
1.970e-07 1.109e-02
1.965e-07 1.022e-02
1.960e-07 9.423e-03
1.955e-07 8.689e-03
1.950e-07 8.003e-03
1.945e-07 7.357e-03
1.940e-07 6.758e-03
1.935e-07 6.216e-03
1.930e-07 5.740e-03
1.925e-07 5.315e-03
1.920e-07 4.899e-03
1.915e-07 4.499e-03
1.910e-07 4.170e-03
1.905e-07 3.900e-03
1.900e-07 3.614e-03
1.895e-07 3.299e-03
1.890e-07 3.009e-03
1.885e-07 2.789e-03
1.880e-07 2.670e-03
1.875e-07 2.614e-03
1.870e-07 2.520e-03
1.865e-07 2.365e-03
1.860e-07 2.212e-03
1.855e-07 2.087e-03
1.850e-07 1.979e-03
1.845e-07 1.878e-03
1.840e-07 1.780e-03
1.835e-07 1.684e-03
1.830e-07 1.592e-03
1.825e-07 1.505e-03
1.820e-07 1.426e-03
1.815e-07 1.354e-03
1.810e-07 1.285e-03
1.805e-07 1.217e-03
1.800e-07 1.154e-03
1.795e-07 1.095e-03
1.790e-07 1.039e-03
1.785e-07 9.844e-04
1.780e-07 9.356e-04
1.775e-07 8.917e-04
1.770e-07 8.485e-04
1.765e-07 8.045e-04
1.760e-07 7.611e-04
1.755e-07 7.190e-04
1.750e-07 6.780e-04
1.745e-07 6.376e-04
1.740e-07 5.976e-04
1.735e-07 5.581e-04
1.730e-07 5.198e-04
1.725e-07 4.857e-04
1.720e-07 4.608e-04
1.715e-07 4.444e-04
1.710e-07 4.300e-04
1.705e-07 4.130e-04
1.700e-07 3.906e-04
1.695e-07 3.647e-04
1.690e-07 3.412e-04
1.685e-07 3.213e-04
1.680e-07 3.015e-04
1.675e-07 2.805e-04
1.670e-07 2.590e-04
1.665e-07 2.368e-04
1.660e-07 2.132e-04
1.655e-07 1.886e-04
1.650e-07 1.650e-04
1.645e-07 1.432e-04
1.640e-07 1.231e-04
1.635e-07 1.037e-04
1.630e-07 8.398e-05
1.625e-07 6.500e-05
1.620e-07 4.972e-05
1.615e-07 3.832e-05
1.610e-07 2.813e-05
1.605e-07 1.781e-05
1.600e-07 7.417e-06