2.53e-06 7.003E-17
2.54e-06 1.522E-16
2.55e-06 1.844E-13
2.56e-06 9.997E-14
2.57e-06 7.625E-15
2.58e-06 3.118E-33
2.59e-06 1.462E-42
2.6e-06 5.623E-31
2.61e-06 3.098E-31
2.62e-06 3.176E-31
2.63e-06 2.180E-29
2.64e-06 1.787E-31
2.65e-06 2.700E-29
2.66e-06 2.247E-36
2.67e-06 2.359E-15
2.68e-06 3.207E-15
2.69e-06 1.199E-14
2.7e-06 1.202E-14
2.71e-06 8.765E-15
2.72e-06 1.952E-14
2.73e-06 1.035E-13
2.74e-06 7.126E-15
2.75e-06 1.393E-15
2.76e-06 4.985E-25
2.77e-06 5.091E-16
2.78e-06 9.944E-15
2.79e-06 8.070E-16
2.8e-06 1.143E-15
2.81e-06 2.040E-16
2.82e-06 5.719E-15
2.83e-06 5.992E-15
2.84e-06 4.627E-14
2.85e-06 1.741E-14
2.86e-06 5.682E-29
2.87e-06 3.797E-29
2.88e-06 6.839E-32
2.89e-06 2.240E-15
2.9e-06 1.127E-14
2.91e-06 8.233E-14
2.92e-06 1.135E-15
2.93e-06 7.364E-14
2.94e-06 6.407E-14
2.95e-06 9.980E-14
2.96e-06 1.153E-14
2.97e-06 7.823E-15
2.98e-06 7.042E-16
2.99e-06 7.271E-15
3e-06 4.592E-14
3.01e-06 1.052E-14
3.02e-06 2.544E-13
3.03e-06 1.169E-13
3.04e-06 1.287E-14
3.05e-06 6.288E-14
3.06e-06 4.588E-34
3.07e-06 7.799E-27
3.08e-06 2.492E-25
3.09e-06 1.711E-25
3.1e-06 7.617E-30
3.11e-06 4.472E-28
3.12e-06 1.129E-29
3.13e-06 5.430E-37
3.14e-06 1.119E-30
3.15e-06 8.334E-16
3.16e-06 1.481E-14
3.17e-06 3.623E-14
3.18e-06 3.962E-14
3.19e-06 3.184E-15
3.2e-06 4.850E-15
3.21e-06 6.317E-16
3.22e-06 1.508E-13
3.23e-06 1.131E-14
3.24e-06 1.418E-13
3.25e-06 3.207E-13
3.26e-06 1.923E-14
3.27e-06 7.169E-14
3.28e-06 1.065E-14
3.29e-06 1.643E-14
3.3e-06 2.745E-13
3.31e-06 8.683E-15
3.32e-06 1.327E-13
3.33e-06 7.677E-30
3.34e-06 1.092E-34
3.35e-06 2.184E-32
3.36e-06 1.886E-40
3.37e-06 2.685E-29
3.38e-06 1.030E-36
3.39e-06 4.031E-38
3.4e-06 3.135E-35
3.41e-06 9.475E-33
3.42e-06 3.356E-34
3.43e-06 1.000E-30
3.44e-06 9.762E-16
3.45e-06 3.061E-15
3.46e-06 8.835E-16
3.47e-06 5.740E-16
3.48e-06 5.497E-27
3.49e-06 2.261E-33
3.5e-06 3.028E-28
3.51e-06 5.412E-27
3.52e-06 1.672E-29
3.53e-06 8.001E-24
3.54e-06 1.517E-30
3.55e-06 5.463E-26
3.56e-06 1.279E-32
3.57e-06 1.354E-15
3.58e-06 3.866E-14
3.59e-06 3.600E-15
3.6e-06 1.940E-13
3.61e-06 3.370E-14
3.62e-06 8.353E-14
3.63e-06 4.401E-14
3.64e-06 2.862E-14
3.65e-06 1.129E-13
3.66e-06 3.563E-14
3.67e-06 6.793E-14
3.68e-06 3.571E-13
3.69e-06 6.577E-14
3.7e-06 3.803E-15
3.71e-06 2.195E-14
3.72e-06 8.083E-15
3.73e-06 3.639E-14
3.74e-06 2.004E-14
3.75e-06 7.980E-15
3.76e-06 7.014E-15
3.77e-06 3.612E-14
3.78e-06 1.260E-14
3.79e-06 4.077E-14
3.8e-06 2.721E-13
3.81e-06 9.825E-14
3.82e-06 8.635E-14
3.83e-06 4.495E-15
3.84e-06 1.041E-13
3.85e-06 2.350E-13
3.86e-06 4.299E-14
3.87e-06 9.742E-14
3.88e-06 2.212E-13
3.89e-06 7.684E-14
3.9e-06 1.506E-13
3.91e-06 6.299E-14
3.92e-06 8.508E-14
3.93e-06 8.040E-14
3.94e-06 2.333E-13
3.95e-06 6.671E-14
3.96e-06 1.143E-13
3.97e-06 8.496E-14
3.98e-06 4.521E-14
3.99e-06 1.230E-13
4e-06 2.355E-26
4.01e-06 4.851E-33
4.02e-06 6.732E-31
4.03e-06 1.567E-36
4.04e-06 1.869E-25
4.05e-06 1.062E-36
4.06e-06 3.267E-25
4.07e-06 1.180E-30
4.08e-06 1.675E-33
4.09e-06 6.418E-30
4.1e-06 9.451E-30
4.11e-06 8.343E-32
4.12e-06 3.188E-13
4.13e-06 2.321E-14
4.14e-06 5.444E-13
4.15e-06 1.374E-14
4.16e-06 3.263E-13
4.17e-06 7.631E-13
4.18e-06 1.428E-12
4.19e-06 1.390E-12
4.2e-06 3.024E-14
4.21e-06 3.258E-14
4.22e-06 5.389E-13
4.23e-06 1.207E-30
4.24e-06 1.867E-33
4.25e-06 1.622E-28
4.26e-06 6.215E-28
4.27e-06 2.794E-26
4.28e-06 1.467E-30
4.29e-06 1.387E-27
4.3e-06 2.035E-28
4.31e-06 5.902E-25
4.32e-06 1.200E-27
4.33e-06 2.152E-36
4.34e-06 1.414E-36
4.35e-06 8.046E-14
4.36e-06 1.822E-13
4.37e-06 5.063E-13
4.38e-06 3.473E-14
4.39e-06 3.065E-13
4.4e-06 3.936E-13
4.41e-06 1.187E-13
4.42e-06 1.034E-12
4.43e-06 5.295E-14
4.44e-06 2.867E-13
4.45e-06 3.803E-13
4.46e-06 1.657E-13
4.47e-06 1.105E-13
4.48e-06 3.283E-14
4.49e-06 6.248E-14
4.5e-06 5.167E-14
4.51e-06 2.985E-14
4.52e-06 6.420E-15
4.53e-06 4.063E-29
4.54e-06 1.163E-32
4.55e-06 1.723E-15
4.56e-06 5.467E-14
4.57e-06 1.951E-13
4.58e-06 2.222E-13
4.59e-06 2.167E-13
4.6e-06 4.682E-13
4.61e-06 4.249E-13
4.62e-06 1.316E-12
4.63e-06 4.466E-13
4.64e-06 1.212E-12
4.65e-06 9.130E-14
4.66e-06 9.380E-15
4.67e-06 9.552E-14
4.68e-06 5.174E-13
4.69e-06 4.066E-13
4.7e-06 5.190E-13
4.71e-06 4.064E-13
4.72e-06 1.709E-13
4.73e-06 1.877E-13
4.74e-06 5.081E-14
4.75e-06 6.988E-14
4.76e-06 3.161E-12
4.77e-06 4.618E-14
4.78e-06 6.916E-14
4.79e-06 8.404E-14
4.8e-06 7.265E-14
4.81e-06 5.175E-14
4.82e-06 1.714E-13
4.83e-06 5.213E-13
4.84e-06 2.211E-14
4.85e-06 3.920E-12
4.86e-06 3.511E-12
4.87e-06 3.284E-12
4.88e-06 5.006E-12
4.89e-06 3.836E-13
4.9e-06 6.567E-14
4.91e-06 1.050E-13
4.92e-06 9.771E-14
4.93e-06 4.556E-13
4.94e-06 2.782E-13
4.95e-06 7.550E-12
4.96e-06 7.499E-13
4.97e-06 2.017E-11
4.98e-06 1.224E-11
4.99e-06 6.818E-12
5e-06 1.348E-11
5.01e-06 4.330E-09
5.02e-06 3.090E-09
5.03e-06 5.489E-09
5.04e-06 5.372E-09
5.05e-06 8.352E-09
5.06e-06 1.034E-08
5.07e-06 9.649E-09
5.08e-06 1.205E-08
5.09e-06 1.278E-08
5.1e-06 1.772E-08
5.11e-06 1.840E-08
5.12e-06 1.859E-08
5.13e-06 2.042E-08
5.14e-06 1.622E-08
5.15e-06 2.051E-08
5.16e-06 1.950E-08
5.17e-06 1.429E-08
5.18e-06 1.404E-08
5.19e-06 1.895E-08
5.2e-06 1.777E-08
5.21e-06 1.774E-08
5.22e-06 1.199E-08
5.23e-06 1.490E-08
5.24e-06 1.082E-08
5.25e-06 1.025E-08
5.26e-06 1.041E-08
5.27e-06 9.064E-09
5.28e-06 9.638E-09
5.29e-06 5.348E-09
5.3e-06 5.432E-09
5.31e-06 2.636E-09
5.32e-06 3.687E-09
5.33e-06 5.263E-09
5.34e-06 7.018E-09
5.35e-06 8.591E-09
5.36e-06 7.167E-09
5.37e-06 1.202E-08
5.38e-06 1.064E-08
5.39e-06 1.286E-08
5.4e-06 1.775E-08
5.41e-06 1.987E-08
5.42e-06 2.158E-08
5.43e-06 2.241E-08
5.44e-06 2.758E-08
5.45e-06 2.736E-08
5.46e-06 3.102E-08
5.47e-06 3.642E-08
5.48e-06 3.922E-08
5.49e-06 3.887E-08
5.5e-06 4.014E-08
5.51e-06 3.958E-08
5.52e-06 4.112E-08
5.53e-06 4.177E-08
5.54e-06 4.199E-08
5.55e-06 4.122E-08
5.56e-06 3.950E-08
5.57e-06 3.917E-08
5.58e-06 3.767E-08
5.59e-06 3.560E-08
5.6e-06 3.187E-08
5.61e-06 2.817E-08
5.62e-06 2.427E-08
5.63e-06 2.093E-08
5.64e-06 1.972E-08
5.65e-06 2.134E-08
5.66e-06 2.226E-08
5.67e-06 2.315E-08
5.68e-06 2.367E-08
5.69e-06 3.266E-08
5.7e-06 4.691E-08
5.71e-06 6.091E-08
5.72e-06 7.606E-08
5.73e-06 9.471E-08
5.74e-06 1.113E-07
5.75e-06 1.409E-07
5.76e-06 1.594E-07
5.77e-06 1.880E-07
5.78e-06 2.118E-07
5.79e-06 2.248E-07
5.8e-06 2.449E-07
5.81e-06 2.743E-07
5.82e-06 2.954E-07
5.83e-06 3.119E-07
5.84e-06 3.140E-07
5.85e-06 3.299E-07
5.86e-06 3.289E-07
5.87e-06 3.260E-07
5.88e-06 3.331E-07
5.89e-06 3.572E-07
5.9e-06 3.427E-07
5.91e-06 3.295E-07
5.92e-06 3.129E-07
5.93e-06 3.047E-07
5.94e-06 2.916E-07
5.95e-06 2.823E-07
5.96e-06 2.660E-07
5.97e-06 2.439E-07
5.98e-06 2.227E-07
5.99e-06 2.030E-07
6e-06 1.930E-07
6.01e-06 1.748E-07
6.02e-06 1.568E-07
6.03e-06 1.396E-07
6.04e-06 1.205E-07
6.05e-06 1.030E-07
6.06e-06 8.367E-08
6.07e-06 7.468E-08
6.08e-06 6.432E-08
6.09e-06 5.261E-08
6.1e-06 4.281E-08
6.11e-06 3.336E-08
6.12e-06 3.159E-08
6.13e-06 3.527E-08
6.14e-06 4.128E-08
6.15e-06 4.977E-08
6.16e-06 5.969E-08
6.17e-06 7.211E-08
6.18e-06 1.068E-07
6.19e-06 1.557E-07
6.2e-06 2.283E-07
6.21e-06 3.423E-07
6.22e-06 7.282E-07
6.23e-06 6.293E-07
6.24e-06 8.193E-07
6.25e-06 1.099E-06
6.26e-06 9.497E-07
6.27e-06 2.039E-06
6.28e-06 1.783E-06
6.29e-06 9.839E-07
6.3e-06 7.465E-07
6.31e-06 2.597E-07
6.32e-06 2.561E-07
6.33e-06 2.336E-07
6.34e-06 2.242E-07
6.35e-06 1.989E-07
6.36e-06 1.741E-07
6.37e-06 1.449E-07
6.38e-06 1.187E-07
6.39e-06 1.022E-07
6.4e-06 8.034E-08
6.41e-06 6.634E-08
6.42e-06 5.700E-08
6.43e-06 5.779E-08
6.44e-06 7.140E-08
6.45e-06 9.287E-08
6.46e-06 1.178E-07
6.47e-06 1.354E-07
6.48e-06 1.606E-07
6.49e-06 1.868E-07
6.5e-06 2.239E-07
6.51e-06 2.513E-07
6.52e-06 2.861E-07
6.53e-06 3.199E-07
6.54e-06 3.572E-07
6.55e-06 3.985E-07
6.56e-06 4.113E-07
6.57e-06 4.484E-07
6.58e-06 4.876E-07
6.59e-06 5.635E-07
6.6e-06 6.300E-07
6.61e-06 6.942E-07
6.62e-06 7.282E-07
6.63e-06 8.376E-07
6.64e-06 9.090E-07
6.65e-06 9.935E-07
6.66e-06 1.062E-06
6.67e-06 1.132E-06
6.68e-06 1.202E-06
6.69e-06 1.188E-06
6.7e-06 1.196E-06
6.71e-06 1.209E-06
6.72e-06 1.163E-06
6.73e-06 1.091E-06
6.74e-06 1.005E-06
6.75e-06 8.506E-07
6.76e-06 7.316E-07
6.77e-06 6.582E-07
6.78e-06 5.425E-07
6.79e-06 5.197E-07
6.8e-06 5.644E-07
6.81e-06 6.812E-07
6.82e-06 8.074E-07
6.83e-06 9.473E-07
6.84e-06 1.044E-06
6.85e-06 1.200E-06
6.86e-06 1.357E-06
6.87e-06 1.507E-06
6.88e-06 1.681E-06
6.89e-06 1.908E-06
6.9e-06 2.223E-06
6.91e-06 2.399E-06
6.92e-06 2.614E-06
6.93e-06 2.888E-06
6.94e-06 2.918E-06
6.95e-06 3.040E-06
6.96e-06 3.116E-06
6.97e-06 3.177E-06
6.98e-06 3.318E-06
6.99e-06 3.210E-06
7e-06 3.231E-06
7.01e-06 3.346E-06
7.02e-06 3.328E-06
7.03e-06 3.247E-06
7.04e-06 3.132E-06
7.05e-06 2.919E-06
7.06e-06 2.793E-06
7.07e-06 2.791E-06
7.08e-06 2.601E-06
7.09e-06 2.611E-06
7.1e-06 2.518E-06
7.11e-06 2.373E-06
7.12e-06 2.358E-06
7.13e-06 2.177E-06
7.14e-06 2.067E-06
7.15e-06 1.945E-06
7.16e-06 1.858E-06
7.17e-06 1.678E-06
7.18e-06 1.599E-06
7.19e-06 1.449E-06
7.2e-06 1.355E-06
7.21e-06 1.242E-06
7.22e-06 1.108E-06
7.23e-06 1.047E-06
7.24e-06 9.309E-07
7.25e-06 8.795E-07
7.26e-06 7.980E-07
7.27e-06 7.143E-07
7.28e-06 6.593E-07
7.29e-06 5.935E-07
7.3e-06 5.389E-07
7.31e-06 4.867E-07
7.32e-06 4.347E-07
7.33e-06 3.788E-07
7.34e-06 3.218E-07
7.35e-06 2.631E-07
7.36e-06 2.105E-07
7.37e-06 1.600E-07
7.38e-06 1.140E-07
7.39e-06 1.117E-07
7.4e-06 1.345E-07
7.41e-06 1.704E-07
7.42e-06 2.138E-07
7.43e-06 2.711E-07
7.44e-06 3.137E-07
7.45e-06 3.571E-07
7.46e-06 3.775E-07
7.47e-06 3.938E-07
7.48e-06 3.904E-07
7.49e-06 3.995E-07
7.5e-06 3.856E-07
7.51e-06 3.602E-07
7.52e-06 3.503E-07
7.53e-06 3.236E-07
7.54e-06 2.978E-07
7.55e-06 2.691E-07
7.56e-06 2.327E-07
7.57e-06 2.077E-07
7.58e-06 1.733E-07
7.59e-06 1.516E-07
7.6e-06 1.204E-07
7.61e-06 1.085E-07
7.62e-06 9.045E-08
7.63e-06 8.352E-08
7.64e-06 8.265E-08
7.65e-06 8.278E-08
7.66e-06 8.139E-08
7.67e-06 8.317E-08
7.68e-06 9.054E-08
7.69e-06 9.450E-08
7.7e-06 1.004E-07
7.71e-06 1.020E-07
7.72e-06 1.085E-07
7.73e-06 1.183E-07
7.74e-06 1.230E-07
7.75e-06 1.307E-07
7.76e-06 1.421E-07
7.77e-06 1.459E-07
7.78e-06 1.579E-07
7.79e-06 1.641E-07
7.8e-06 1.660E-07
7.81e-06 1.727E-07
7.82e-06 1.844E-07
7.83e-06 1.934E-07
7.84e-06 1.911E-07
7.85e-06 1.941E-07
7.86e-06 2.043E-07
7.87e-06 2.003E-07
7.88e-06 2.104E-07
7.89e-06 2.169E-07
7.9e-06 2.168E-07
7.91e-06 2.261E-07
7.92e-06 2.356E-07
7.93e-06 2.462E-07
7.94e-06 2.653E-07
7.95e-06 2.767E-07
7.96e-06 2.806E-07
7.97e-06 3.066E-07
7.98e-06 3.097E-07
7.99e-06 3.236E-07
8e-06 3.378E-07
8.01e-06 3.393E-07
8.02e-06 3.399E-07
8.03e-06 3.471E-07
8.04e-06 3.327E-07
8.05e-06 3.321E-07
8.06e-06 3.144E-07
8.07e-06 3.058E-07
8.08e-06 2.943E-07
8.09e-06 2.773E-07
8.1e-06 2.773E-07
8.11e-06 2.733E-07
8.12e-06 2.590E-07
8.13e-06 2.574E-07
8.14e-06 2.732E-07
8.15e-06 2.640E-07
8.16e-06 2.732E-07
8.17e-06 2.861E-07
8.18e-06 3.023E-07
8.19e-06 3.227E-07
8.2e-06 3.462E-07
8.21e-06 3.789E-07
8.22e-06 4.236E-07
8.23e-06 4.805E-07
8.24e-06 5.784E-07
8.25e-06 6.442E-07
8.26e-06 7.581E-07
8.27e-06 9.414E-07
8.28e-06 1.010E-06
8.29e-06 1.199E-06
8.3e-06 1.465E-06
8.31e-06 9.788E-08
8.32e-06 8.156E-08
8.33e-06 7.693E-08
8.34e-06 6.748E-08
8.35e-06 6.590E-08
8.36e-06 6.708E-08
8.37e-06 6.291E-08
8.38e-06 6.179E-08
8.39e-06 6.280E-08
8.4e-06 5.972E-08
8.41e-06 5.438E-08
8.42e-06 5.155E-08
8.43e-06 4.837E-08
8.44e-06 4.732E-08
8.45e-06 4.504E-08
8.46e-06 4.131E-08
8.47e-06 3.957E-08
8.48e-06 3.882E-08
8.49e-06 3.827E-08
8.5e-06 3.783E-08
8.51e-06 3.798E-08
8.52e-06 3.933E-08
8.53e-06 3.842E-08
8.54e-06 4.065E-08
8.55e-06 3.997E-08
8.56e-06 4.201E-08
8.57e-06 4.137E-08
8.58e-06 4.199E-08
8.59e-06 4.281E-08
8.6e-06 4.354E-08
8.61e-06 4.438E-08
8.62e-06 4.647E-08
8.63e-06 4.711E-08
8.64e-06 4.757E-08
8.65e-06 4.705E-08
8.66e-06 4.866E-08
8.67e-06 4.980E-08
8.68e-06 5.080E-08
8.69e-06 5.187E-08
8.7e-06 5.273E-08
8.71e-06 5.314E-08
8.72e-06 5.399E-08
8.73e-06 5.461E-08
8.74e-06 5.296E-08
8.75e-06 5.432E-08
8.76e-06 5.489E-08
8.77e-06 5.433E-08
8.78e-06 5.554E-08
8.79e-06 5.681E-08
8.8e-06 5.856E-08
8.81e-06 6.181E-08
8.82e-06 6.357E-08
8.83e-06 6.380E-08
8.84e-06 6.494E-08
8.85e-06 6.808E-08
8.86e-06 6.811E-08
8.87e-06 6.995E-08
8.88e-06 7.189E-08
8.89e-06 7.434E-08
8.9e-06 7.918E-08
8.91e-06 8.123E-08
8.92e-06 8.514E-08
8.93e-06 8.804E-08
8.94e-06 9.019E-08
8.95e-06 9.390E-08
8.96e-06 9.614E-08
8.97e-06 9.898E-08
8.98e-06 1.010E-07
8.99e-06 1.019E-07
9e-06 1.004E-07
9.01e-06 1.043E-07
9.02e-06 1.080E-07
9.03e-06 1.088E-07
9.04e-06 1.077E-07
9.05e-06 1.110E-07
9.06e-06 1.126E-07
9.07e-06 1.141E-07
9.08e-06 1.149E-07
9.09e-06 1.158E-07
9.1e-06 1.162E-07
9.11e-06 1.158E-07
9.12e-06 1.151E-07
9.13e-06 1.162E-07
9.14e-06 1.128E-07
9.15e-06 1.120E-07
9.16e-06 1.122E-07
9.17e-06 1.114E-07
9.18e-06 1.117E-07
9.19e-06 1.095E-07
9.2e-06 1.061E-07
9.21e-06 1.002E-07
9.22e-06 9.912E-08
9.23e-06 9.508E-08
9.24e-06 8.822E-08
9.25e-06 8.416E-08
9.26e-06 8.156E-08
9.27e-06 7.926E-08
9.28e-06 7.475E-08
9.29e-06 7.310E-08
9.3e-06 7.218E-08
9.31e-06 7.035E-08
9.32e-06 6.856E-08
9.33e-06 6.598E-08
9.34e-06 6.600E-08
9.35e-06 6.514E-08
9.36e-06 6.326E-08
9.37e-06 6.190E-08
9.38e-06 6.121E-08
9.39e-06 6.056E-08
9.4e-06 5.991E-08
9.41e-06 5.928E-08
9.42e-06 5.868E-08
9.43e-06 5.809E-08
9.44e-06 5.759E-08
9.45e-06 5.715E-08
9.46e-06 5.633E-08
9.47e-06 5.573E-08
9.48e-06 5.489E-08
9.49e-06 5.421E-08
9.5e-06 5.333E-08
9.51e-06 5.278E-08
9.52e-06 5.212E-08
9.53e-06 5.134E-08
9.54e-06 5.096E-08
9.55e-06 5.050E-08
9.56e-06 5.015E-08
9.57e-06 4.905E-08
9.58e-06 5.007E-08
9.59e-06 4.980E-08
9.6e-06 4.880E-08
9.61e-06 4.853E-08
9.62e-06 4.819E-08
9.63e-06 4.796E-08
9.64e-06 4.816E-08
9.65e-06 4.780E-08
9.66e-06 4.869E-08
9.67e-06 4.902E-08
9.68e-06 4.892E-08
9.69e-06 4.817E-08
9.7e-06 4.787E-08
9.71e-06 4.828E-08
9.72e-06 4.763E-08
9.73e-06 4.694E-08
9.74e-06 4.662E-08
9.75e-06 4.641E-08
9.76e-06 4.703E-08
9.77e-06 4.710E-08
9.78e-06 4.675E-08
9.79e-06 4.675E-08
9.8e-06 4.681E-08
9.81e-06 4.666E-08
9.82e-06 4.657E-08
9.83e-06 4.647E-08
9.84e-06 4.666E-08
9.85e-06 4.681E-08
9.86e-06 4.671E-08
9.87e-06 4.615E-08
9.88e-06 4.608E-08
9.89e-06 4.638E-08
9.9e-06 4.610E-08
9.91e-06 4.573E-08
9.92e-06 4.655E-08
9.93e-06 4.646E-08
9.94e-06 4.645E-08
9.95e-06 4.637E-08
9.96e-06 4.661E-08
9.97e-06 4.669E-08
9.98e-06 4.664E-08
9.99e-06 4.633E-08
1e-05 4.639E-08
1.001e-05 4.647E-08
1.002e-05 4.666E-08
1.003e-05 4.677E-08
1.004e-05 4.698E-08
1.005e-05 4.720E-08
1.006e-05 4.712E-08
1.007e-05 4.712E-08
1.008e-05 4.699E-08
1.009e-05 4.611E-08
1.01e-05 4.696E-08
1.011e-05 4.649E-08
1.012e-05 4.630E-08
1.013e-05 4.605E-08
1.014e-05 4.584E-08
1.015e-05 4.572E-08
1.016e-05 4.537E-08
1.017e-05 4.509E-08
1.018e-05 4.491E-08
1.019e-05 4.482E-08
1.02e-05 4.459E-08
1.021e-05 4.448E-08
1.022e-05 4.427E-08
1.023e-05 4.438E-08
1.024e-05 4.394E-08
1.025e-05 4.382E-08
1.026e-05 4.382E-08
1.027e-05 4.335E-08
1.028e-05 4.318E-08
1.029e-05 4.299E-08
1.03e-05 4.320E-08
1.031e-05 4.349E-08
1.032e-05 4.369E-08
1.033e-05 4.388E-08
1.034e-05 4.408E-08
1.035e-05 4.428E-08
1.036e-05 4.505E-08
1.037e-05 4.555E-08
1.038e-05 4.542E-08
1.039e-05 4.516E-08
1.04e-05 4.465E-08
1.041e-05 4.444E-08
1.042e-05 4.454E-08
1.043e-05 4.438E-08
1.044e-05 4.413E-08
1.045e-05 4.394E-08
1.046e-05 4.404E-08
1.047e-05 4.404E-08
1.048e-05 4.324E-08
1.049e-05 4.386E-08
1.05e-05 4.434E-08
1.051e-05 4.444E-08
1.052e-05 4.466E-08
1.053e-05 4.514E-08
1.054e-05 4.544E-08
1.055e-05 4.568E-08
1.056e-05 4.534E-08
1.057e-05 4.504E-08
1.058e-05 4.506E-08
1.059e-05 4.498E-08
1.06e-05 4.481E-08
1.061e-05 4.474E-08
1.062e-05 4.457E-08
1.063e-05 4.438E-08
1.064e-05 4.472E-08
1.065e-05 4.441E-08
1.066e-05 4.409E-08
1.067e-05 4.385E-08
1.068e-05 4.371E-08
1.069e-05 4.344E-08
1.07e-05 4.325E-08
1.071e-05 4.301E-08
1.072e-05 4.273E-08
1.073e-05 4.267E-08
1.074e-05 4.268E-08
1.075e-05 4.269E-08
1.076e-05 4.229E-08
1.077e-05 4.196E-08
1.078e-05 4.232E-08
1.079e-05 4.232E-08
1.08e-05 4.220E-08
1.081e-05 4.202E-08
1.082e-05 4.192E-08
1.083e-05 4.144E-08
1.084e-05 4.154E-08
1.085e-05 4.181E-08
1.086e-05 4.204E-08
1.087e-05 4.208E-08
1.088e-05 4.197E-08
1.089e-05 4.200E-08
1.09e-05 4.208E-08
1.091e-05 4.277E-08
1.092e-05 4.306E-08
1.093e-05 4.324E-08
1.094e-05 4.362E-08
1.095e-05 4.412E-08
1.096e-05 4.456E-08
1.097e-05 4.503E-08
1.098e-05 4.555E-08
1.099e-05 4.625E-08
1.1e-05 4.730E-08
1.101e-05 4.849E-08
1.102e-05 4.969E-08
1.103e-05 5.088E-08
1.104e-05 5.297E-08
1.105e-05 5.553E-08
1.106e-05 5.827E-08
1.107e-05 6.148E-08
1.108e-05 6.501E-08
1.109e-05 6.963E-08
1.11e-05 7.481E-08
1.111e-05 4.757E-08
1.112e-05 4.302E-08
1.113e-05 3.848E-08
1.114e-05 3.302E-08
1.115e-05 2.952E-08
1.116e-05 2.642E-08
1.117e-05 2.377E-08
1.118e-05 2.112E-08
1.119e-05 1.896E-08
1.12e-05 1.750E-08
1.121e-05 1.614E-08
1.122e-05 1.493E-08
1.123e-05 1.392E-08
1.124e-05 1.321E-08
1.125e-05 1.243E-08
1.126e-05 1.178E-08
1.127e-05 1.103E-08
1.128e-05 1.065E-08
1.129e-05 1.055E-08
1.13e-05 1.027E-08
1.131e-05 1.003E-08
1.132e-05 9.637E-09
1.133e-05 9.575E-09
1.134e-05 9.545E-09
1.135e-05 9.629E-09
1.136e-05 9.669E-09
1.137e-05 9.652E-09
1.138e-05 9.525E-09
1.139e-05 9.730E-09
1.14e-05 9.911E-09
1.141e-05 9.989E-09
1.142e-05 1.017E-08
1.143e-05 1.026E-08
1.144e-05 1.044E-08
1.145e-05 1.052E-08
1.146e-05 1.074E-08
1.147e-05 1.097E-08
1.148e-05 1.107E-08
1.149e-05 1.117E-08
1.15e-05 1.136E-08
1.151e-05 1.161E-08
1.152e-05 1.182E-08
1.153e-05 1.200E-08
1.154e-05 1.209E-08
1.155e-05 1.230E-08
1.156e-05 1.241E-08
1.157e-05 1.251E-08
1.158e-05 1.281E-08
1.159e-05 1.298E-08
1.16e-05 1.316E-08
1.161e-05 1.335E-08
1.162e-05 1.358E-08
1.163e-05 1.386E-08
1.164e-05 1.400E-08
1.165e-05 1.431E-08
1.166e-05 1.468E-08
1.167e-05 1.494E-08
1.168e-05 1.526E-08
1.169e-05 1.554E-08
1.17e-05 1.587E-08
1.171e-05 1.624E-08
1.172e-05 1.662E-08
1.173e-05 1.693E-08
1.174e-05 1.715E-08
1.175e-05 1.753E-08
1.176e-05 1.788E-08
1.177e-05 1.808E-08
1.178e-05 1.838E-08
1.179e-05 1.877E-08
1.18e-05 1.915E-08
1.181e-05 1.971E-08
1.182e-05 2.004E-08
1.183e-05 2.048E-08
1.184e-05 2.090E-08
1.185e-05 2.129E-08
1.186e-05 2.162E-08
1.187e-05 2.182E-08
1.188e-05 2.244E-08
1.189e-05 2.309E-08
1.19e-05 2.345E-08
1.191e-05 2.378E-08
1.192e-05 2.419E-08
1.193e-05 2.443E-08
1.194e-05 2.436E-08
1.195e-05 2.467E-08
1.196e-05 2.499E-08
1.197e-05 2.530E-08
1.198e-05 2.552E-08
1.199e-05 2.584E-08
1.2e-05 2.607E-08
1.201e-05 2.671E-08
1.202e-05 2.687E-08
1.203e-05 2.687E-08
1.204e-05 2.629E-08
1.205e-05 2.642E-08
1.206e-05 2.645E-08
1.207e-05 2.658E-08
1.208e-05 2.670E-08
1.209e-05 2.681E-08
1.21e-05 2.690E-08
1.211e-05 2.698E-08
1.212e-05 2.696E-08
1.213e-05 2.705E-08
1.214e-05 2.714E-08
1.215e-05 2.724E-08
1.216e-05 2.734E-08
1.217e-05 2.815E-08
1.218e-05 2.833E-08
1.219e-05 2.826E-08
1.22e-05 2.776E-08
1.221e-05 2.797E-08
1.222e-05 2.806E-08
1.223e-05 2.861E-08
1.224e-05 2.873E-08
1.225e-05 2.867E-08
1.226e-05 2.857E-08
1.227e-05 2.845E-08
1.228e-05 2.827E-08
1.229e-05 2.798E-08
1.23e-05 2.732E-08
1.231e-05 2.711E-08
1.232e-05 2.700E-08
1.233e-05 2.680E-08
1.234e-05 2.718E-08
1.235e-05 2.703E-08
1.236e-05 2.665E-08
1.237e-05 2.571E-08
1.238e-05 2.543E-08
1.239e-05 2.514E-08
1.24e-05 2.485E-08
1.241e-05 2.490E-08
1.242e-05 2.476E-08
1.243e-05 2.444E-08
1.244e-05 2.390E-08
1.245e-05 2.345E-08
1.246e-05 2.316E-08
1.247e-05 2.316E-08
1.248e-05 2.288E-08
1.249e-05 2.251E-08
1.25e-05 2.219E-08
1.251e-05 2.171E-08
1.252e-05 2.087E-08
1.253e-05 2.055E-08
1.254e-05 2.024E-08
1.255e-05 2.026E-08
1.256e-05 1.997E-08
1.257e-05 1.964E-08
1.258e-05 1.930E-08
1.259e-05 1.893E-08
1.26e-05 1.846E-08
1.261e-05 1.818E-08
1.262e-05 1.801E-08
1.263e-05 1.776E-08
1.264e-05 1.747E-08
1.265e-05 1.716E-08
1.266e-05 1.681E-08
1.267e-05 1.616E-08
1.268e-05 1.586E-08
1.269e-05 1.556E-08
1.27e-05 1.516E-08
1.271e-05 1.497E-08
1.272e-05 1.486E-08
1.273e-05 1.486E-08
1.274e-05 1.476E-08
1.275e-05 1.466E-08
1.276e-05 1.466E-08
1.277e-05 1.456E-08
1.278e-05 1.486E-08
1.279e-05 1.515E-08
1.28e-05 1.555E-08
1.281e-05 1.594E-08
1.282e-05 1.643E-08
1.283e-05 1.692E-08
1.284e-05 1.791E-08
1.285e-05 1.924E-08
1.286e-05 2.085E-08
1.287e-05 2.268E-08
1.288e-05 2.478E-08
1.289e-05 2.728E-08
1.29e-05 3.026E-08
1.291e-05 3.303E-08
1.292e-05 3.618E-08
1.293e-05 4.007E-08
1.294e-05 4.488E-08
1.295e-05 5.096E-08
1.296e-05 5.941E-08
1.297e-05 6.789E-08
1.298e-05 7.598E-08
1.299e-05 8.587E-08
1.3e-05 9.815E-08
1.301e-05 1.149E-07
1.302e-05 1.368E-07
1.303e-05 1.665E-07
1.304e-05 1.820E-07
1.305e-05 1.990E-07
1.306e-05 2.194E-07
1.307e-05 2.435E-07
1.308e-05 2.744E-07
1.309e-05 3.172E-07
1.31e-05 2.930E-07
1.311e-05 3.437E-07
1.312e-05 3.403E-07
1.313e-05 3.385E-07
1.314e-05 3.342E-07
1.315e-05 3.288E-07
1.316e-05 3.222E-07
1.317e-05 3.097E-07
1.318e-05 2.959E-07
1.319e-05 2.829E-07
1.32e-05 1.918E-07
1.321e-05 5.065E-07
1.322e-05 5.094E-07
1.323e-05 5.139E-07
1.324e-05 5.159E-07
1.325e-05 5.180E-07
1.326e-05 5.197E-07
1.327e-05 5.197E-07
1.328e-05 5.189E-07
1.329e-05 5.193E-07
1.33e-05 5.193E-07
1.331e-05 5.195E-07
1.332e-05 5.191E-07
1.333e-05 5.177E-07
1.334e-05 5.149E-07
1.335e-05 4.972E-07
1.336e-05 5.259E-07
1.337e-05 5.249E-07
1.338e-05 5.058E-07
1.339e-05 5.091E-07
1.34e-05 5.060E-07
1.341e-05 5.185E-07
1.342e-05 5.179E-07
1.343e-05 5.161E-07
1.344e-05 4.968E-07
1.345e-05 4.999E-07
1.346e-05 5.179E-07
1.347e-05 5.181E-07
1.348e-05 5.196E-07
1.349e-05 5.199E-07
1.35e-05 5.205E-07
1.351e-05 5.230E-07
1.352e-05 5.246E-07
1.353e-05 5.272E-07
1.354e-05 5.289E-07
1.355e-05 5.317E-07
1.356e-05 5.346E-07
1.357e-05 5.364E-07
1.358e-05 5.225E-07
1.359e-05 5.301E-07
1.36e-05 5.316E-07
1.361e-05 5.298E-07
1.362e-05 5.423E-07
1.363e-05 5.431E-07
1.364e-05 5.428E-07
1.365e-05 5.288E-07
1.366e-05 5.322E-07
1.367e-05 5.333E-07
1.368e-05 5.336E-07
1.369e-05 5.334E-07
1.37e-05 5.327E-07
1.371e-05 5.314E-07
1.372e-05 5.318E-07
1.373e-05 5.346E-07
1.374e-05 5.367E-07
1.375e-05 5.375E-07
1.376e-05 5.374E-07
1.377e-05 5.306E-07
1.378e-05 5.394E-07
1.379e-05 5.390E-07
1.38e-05 5.397E-07
1.381e-05 5.404E-07
1.382e-05 5.422E-07
1.383e-05 5.428E-07
1.384e-05 5.435E-07
1.385e-05 5.450E-07
1.386e-05 5.454E-07
1.387e-05 5.466E-07
1.388e-05 5.476E-07
1.389e-05 5.484E-07
1.39e-05 5.493E-07
1.391e-05 5.501E-07
1.392e-05 5.429E-07
1.393e-05 5.466E-07
1.394e-05 5.470E-07
1.395e-05 5.390E-07
1.396e-05 5.538E-07
1.397e-05 5.538E-07
1.398e-05 5.550E-07
1.399e-05 5.553E-07
1.4e-05 5.557E-07
1.401e-05 5.504E-07
1.402e-05 5.539E-07
1.403e-05 5.529E-07
1.404e-05 5.569E-07
1.405e-05 5.574E-07
1.406e-05 5.583E-07
1.407e-05 5.598E-07
1.408e-05 5.512E-07
1.409e-05 5.537E-07
1.41e-05 5.591E-07
1.411e-05 5.556E-07
1.412e-05 5.525E-07
1.413e-05 5.497E-07
1.414e-05 5.413E-07
1.415e-05 5.423E-07
1.416e-05 5.412E-07
1.417e-05 5.386E-07
1.418e-05 5.300E-07
1.419e-05 5.373E-07
1.42e-05 5.358E-07
1.421e-05 5.259E-07
1.422e-05 5.287E-07
1.423e-05 5.287E-07
1.424e-05 5.282E-07
1.425e-05 5.284E-07
1.426e-05 5.298E-07
1.427e-05 5.307E-07
1.428e-05 5.308E-07
1.429e-05 5.289E-07
1.43e-05 5.273E-07
1.431e-05 5.260E-07
1.432e-05 5.265E-07
1.433e-05 5.283E-07
1.434e-05 5.291E-07
1.435e-05 5.295E-07
1.436e-05 5.264E-07
1.437e-05 5.332E-07
1.438e-05 5.351E-07
1.439e-05 5.359E-07
1.44e-05 5.375E-07
1.441e-05 5.392E-07
1.442e-05 5.407E-07
1.443e-05 5.433E-07
1.444e-05 5.283E-07
1.445e-05 5.397E-07
1.446e-05 5.490E-07
1.447e-05 5.506E-07
1.448e-05 5.532E-07
1.449e-05 5.558E-07
1.45e-05 5.545E-07
1.451e-05 5.617E-07
1.452e-05 5.654E-07
1.453e-05 5.693E-07
1.454e-05 5.718E-07
1.455e-05 5.663E-07
1.456e-05 5.782E-07
1.457e-05 5.820E-07
1.458e-05 5.822E-07
1.459e-05 5.924E-07
1.46e-05 5.989E-07
1.461e-05 6.021E-07
1.462e-05 6.046E-07
1.463e-05 6.041E-07
1.464e-05 6.072E-07
1.465e-05 6.171E-07
1.466e-05 6.228E-07
1.467e-05 6.282E-07
1.468e-05 6.326E-07
1.469e-05 6.339E-07
1.47e-05 6.356E-07
1.471e-05 6.388E-07
1.472e-05 6.430E-07
1.473e-05 6.473E-07
1.474e-05 6.496E-07
1.475e-05 6.520E-07
1.476e-05 6.555E-07
1.477e-05 6.522E-07
1.478e-05 6.604E-07
1.479e-05 6.629E-07
1.48e-05 6.653E-07
1.481e-05 6.676E-07
1.482e-05 6.701E-07
1.483e-05 6.702E-07
1.484e-05 6.714E-07
1.485e-05 6.698E-07
1.486e-05 6.795E-07
1.487e-05 6.820E-07
1.488e-05 6.825E-07
1.489e-05 6.805E-07
1.49e-05 6.773E-07
1.491e-05 6.732E-07
1.492e-05 6.737E-07
1.493e-05 6.733E-07
1.494e-05 6.644E-07
1.495e-05 6.785E-07
1.496e-05 6.804E-07
1.497e-05 6.817E-07
1.498e-05 6.808E-07
1.499e-05 6.801E-07
1.5e-05 6.789E-07
1.501e-05 6.787E-07
1.502e-05 6.800E-07
1.503e-05 6.818E-07
1.504e-05 6.829E-07
1.505e-05 6.837E-07
1.506e-05 6.842E-07
1.507e-05 6.850E-07
1.508e-05 6.844E-07
1.509e-05 6.820E-07
1.51e-05 6.791E-07
1.511e-05 6.700E-07
1.512e-05 6.764E-07
1.513e-05 6.675E-07
1.514e-05 6.744E-07
1.515e-05 6.748E-07
1.516e-05 6.734E-07
1.517e-05 6.717E-07
1.518e-05 6.676E-07
1.519e-05 6.597E-07
1.52e-05 6.679E-07
1.521e-05 6.667E-07
1.522e-05 6.655E-07
1.523e-05 6.652E-07
1.524e-05 6.641E-07
1.525e-05 6.629E-07
1.526e-05 6.627E-07
1.527e-05 6.626E-07
1.528e-05 6.623E-07
1.529e-05 6.622E-07
1.53e-05 6.621E-07
1.531e-05 6.533E-07
1.532e-05 6.555E-07
1.533e-05 6.543E-07
1.534e-05 6.461E-07
1.535e-05 6.623E-07
1.536e-05 6.623E-07
1.537e-05 6.634E-07
1.538e-05 6.514E-07
1.539e-05 6.546E-07
1.54e-05 6.537E-07
1.541e-05 6.512E-07
1.542e-05 6.524E-07
1.543e-05 6.556E-07
1.544e-05 6.598E-07
1.545e-05 6.627E-07
1.546e-05 6.653E-07
1.547e-05 6.652E-07
1.548e-05 6.604E-07
1.549e-05 6.819E-07
1.55e-05 6.843E-07
1.551e-05 6.868E-07
1.552e-05 6.748E-07
1.553e-05 6.822E-07
1.554e-05 6.893E-07
1.555e-05 6.965E-07
1.556e-05 7.014E-07
1.557e-05 7.050E-07
1.558e-05 7.057E-07
1.559e-05 7.272E-07
1.56e-05 7.322E-07
1.561e-05 7.370E-07
1.562e-05 7.427E-07
1.563e-05 7.474E-07
1.564e-05 7.528E-07
1.565e-05 7.458E-07
1.566e-05 7.534E-07
1.567e-05 7.586E-07
1.568e-05 7.630E-07
1.569e-05 7.675E-07
1.57e-05 7.733E-07
1.571e-05 7.798E-07
1.572e-05 7.851E-07
1.573e-05 7.890E-07
1.574e-05 7.923E-07
1.575e-05 7.951E-07
1.576e-05 7.965E-07
1.577e-05 7.933E-07
1.578e-05 8.149E-07
1.579e-05 8.185E-07
1.58e-05 8.218E-07
1.581e-05 8.263E-07
1.582e-05 8.050E-07
1.583e-05 8.152E-07
1.584e-05 8.161E-07
1.585e-05 8.394E-07
1.586e-05 8.428E-07
1.587e-05 8.460E-07
1.588e-05 8.494E-07
1.589e-05 8.526E-07
1.59e-05 8.560E-07
1.591e-05 8.592E-07
1.592e-05 8.437E-07
1.593e-05 8.513E-07
1.594e-05 8.531E-07
1.595e-05 8.487E-07
1.596e-05 8.751E-07
1.597e-05 8.788E-07
1.598e-05 8.823E-07
1.599e-05 8.858E-07
1.6e-05 8.893E-07
1.601e-05 8.943E-07
1.602e-05 8.981E-07
1.603e-05 9.022E-07
1.604e-05 9.061E-07
1.605e-05 9.103E-07
1.606e-05 9.144E-07
1.607e-05 9.186E-07
1.608e-05 9.230E-07
1.609e-05 9.142E-07
1.61e-05 9.249E-07
1.611e-05 9.293E-07
1.612e-05 9.420E-07
1.613e-05 9.431E-07
1.614e-05 9.438E-07
1.615e-05 9.544E-07
1.616e-05 9.539E-07
1.617e-05 9.529E-07
1.618e-05 9.619E-07
1.619e-05 9.605E-07
1.62e-05 9.613E-07
1.621e-05 9.644E-07
1.622e-05 9.785E-07
1.623e-05 9.818E-07
1.624e-05 9.845E-07
1.625e-05 9.862E-07
1.626e-05 9.871E-07
1.627e-05 9.971E-07
1.628e-05 9.959E-07
1.629e-05 9.933E-07
1.63e-05 9.887E-07
1.631e-05 9.758E-07
1.632e-05 9.896E-07
1.633e-05 9.895E-07
1.634e-05 9.894E-07
1.635e-05 9.832E-07
1.636e-05 9.900E-07
1.637e-05 9.914E-07
1.638e-05 9.870E-07
1.639e-05 9.900E-07
1.64e-05 9.905E-07
1.641e-05 9.909E-07
1.642e-05 9.913E-07
1.643e-05 1.002E-06
1.644e-05 1.003E-06
1.645e-05 1.003E-06
1.646e-05 1.004E-06
1.647e-05 1.004E-06
1.648e-05 1.005E-06
1.649e-05 1.005E-06
1.65e-05 1.016E-06
1.651e-05 1.016E-06
1.652e-05 1.016E-06
1.653e-05 1.016E-06
1.654e-05 1.027E-06
1.655e-05 1.027E-06
1.656e-05 1.037E-06
1.657e-05 1.037E-06
1.658e-05 1.036E-06
1.659e-05 1.050E-06
1.66e-05 1.055E-06
1.661e-05 1.064E-06
1.662e-05 1.060E-06
1.663e-05 1.057E-06
1.664e-05 1.072E-06
1.665e-05 1.081E-06
1.666e-05 1.075E-06
1.667e-05 1.088E-06
1.668e-05 1.090E-06
1.669e-05 1.107E-06
1.67e-05 1.116E-06
1.671e-05 1.124E-06
1.672e-05 1.133E-06
1.673e-05 1.142E-06
1.674e-05 1.150E-06
1.675e-05 1.159E-06
1.676e-05 1.168E-06
1.677e-05 1.177E-06
1.678e-05 1.186E-06
1.679e-05 1.194E-06
1.68e-05 1.210E-06
1.681e-05 1.220E-06
1.682e-05 1.217E-06
1.683e-05 1.240E-06
1.684e-05 1.260E-06
1.685e-05 1.269E-06
1.686e-05 1.277E-06
1.687e-05 1.297E-06
1.688e-05 1.305E-06
1.689e-05 1.314E-06
1.69e-05 1.340E-06
1.691e-05 1.358E-06
1.692e-05 1.379E-06
1.693e-05 1.388E-06
1.694e-05 1.396E-06
1.695e-05 1.413E-06
1.696e-05 1.420E-06
1.697e-05 1.441E-06
1.698e-05 1.463E-06
1.699e-05 1.475E-06
1.7e-05 1.497E-06
1.701e-05 1.508E-06
1.702e-05 1.528E-06
1.703e-05 1.547E-06
1.704e-05 1.554E-06
1.705e-05 1.571E-06
1.706e-05 1.586E-06
1.707e-05 1.602E-06
1.708e-05 1.613E-06
1.709e-05 1.639E-06
1.71e-05 1.665E-06
1.711e-05 1.688E-06
1.712e-05 1.705E-06
1.713e-05 1.710E-06
1.714e-05 1.714E-06
1.715e-05 1.724E-06
1.716e-05 1.744E-06
1.717e-05 1.763E-06
1.718e-05 1.822E-06
1.719e-05 1.848E-06
1.72e-05 1.877E-06
1.721e-05 1.891E-06
1.722e-05 1.902E-06
1.723e-05 1.921E-06
1.724e-05 1.922E-06
1.725e-05 1.887E-06
1.726e-05 1.898E-06
1.727e-05 1.908E-06
1.728e-05 1.929E-06
1.729e-05 1.940E-06
1.73e-05 1.951E-06
1.731e-05 2.006E-06
1.732e-05 2.055E-06
1.733e-05 2.073E-06
1.734e-05 2.078E-06
1.735e-05 2.065E-06
1.736e-05 2.038E-06
1.737e-05 2.049E-06
1.738e-05 2.060E-06
1.739e-05 2.081E-06
1.74e-05 2.147E-06
1.741e-05 2.185E-06
1.742e-05 2.201E-06
1.743e-05 2.177E-06
1.744e-05 2.164E-06
1.745e-05 2.185E-06
1.746e-05 2.251E-06
1.747e-05 2.316E-06
1.748e-05 2.353E-06
1.749e-05 2.383E-06
1.75e-05 2.407E-06
1.751e-05 2.426E-06
1.752e-05 2.452E-06
1.753e-05 2.485E-06
1.754e-05 2.511E-06
1.755e-05 2.536E-06
1.756e-05 2.495E-06
1.757e-05 2.533E-06
1.758e-05 2.580E-06
1.759e-05 2.628E-06
1.76e-05 2.702E-06
1.761e-05 2.804E-06
1.762e-05 2.867E-06
1.763e-05 2.929E-06
1.764e-05 2.974E-06
1.765e-05 3.034E-06
1.766e-05 3.088E-06
1.767e-05 3.140E-06
1.768e-05 3.210E-06
1.769e-05 3.275E-06
1.77e-05 3.349E-06
1.771e-05 3.404E-06
1.772e-05 3.433E-06
1.773e-05 3.517E-06
1.774e-05 3.602E-06
1.775e-05 3.695E-06
1.776e-05 3.789E-06
1.777e-05 3.911E-06
1.778e-05 4.110E-06
1.779e-05 4.283E-06
1.78e-05 4.443E-06
1.781e-05 4.588E-06
1.782e-05 4.735E-06
1.783e-05 4.873E-06
1.784e-05 5.029E-06
1.785e-05 5.200E-06
1.786e-05 5.382E-06
1.787e-05 5.589E-06
1.788e-05 5.812E-06
1.789e-05 6.073E-06
1.79e-05 6.358E-06
1.791e-05 6.650E-06
1.792e-05 6.916E-06
1.793e-05 7.275E-06
1.794e-05 7.701E-06
1.795e-05 8.134E-06
1.796e-05 8.779E-06
1.797e-05 9.430E-06
1.798e-05 1.011E-05
1.799e-05 1.095E-05
1.8e-05 1.177E-05
1.801e-05 1.265E-05
1.802e-05 1.338E-05
1.803e-05 1.408E-05
1.804e-05 1.529E-05
1.805e-05 1.649E-05
1.806e-05 1.785E-05
1.807e-05 1.945E-05
1.808e-05 2.127E-05
1.809e-05 2.360E-05
1.81e-05 2.601E-05
1.811e-05 2.983E-05
1.812e-05 3.436E-05
1.813e-05 4.017E-05
1.814e-05 4.016E-05
1.815e-05 4.141E-05
1.816e-05 4.061E-05
1.817e-05 3.966E-05
1.818e-05 3.841E-05
1.819e-05 3.708E-05
1.82e-05 3.547E-05
1.821e-05 3.404E-05
1.822e-05 2.441E-05
1.823e-05 2.955E-05
1.824e-05 3.169E-05
1.825e-05 3.265E-05
1.826e-05 3.249E-05
1.827e-05 2.369E-05
1.828e-05 1.165E-05
1.829e-05 1.430E-05
1.83e-05 1.122E-05
1.831e-05 8.964E-06
1.832e-05 7.249E-06
1.833e-05 5.916E-06
1.834e-05 4.949E-06
1.835e-05 4.201E-06
1.836e-05 3.617E-06
1.837e-05 3.174E-06
1.838e-05 2.233E-06
1.839e-05 2.671E-06
1.84e-05 1.955E-06
1.841e-05 2.225E-06
1.842e-05 2.554E-06
1.843e-05 2.774E-06
1.844e-05 2.849E-06
1.845e-05 2.705E-06
1.846e-05 2.323E-06
1.847e-05 1.770E-06
1.848e-05 1.198E-06
1.849e-05 1.283E-06
1.85e-05 2.265E-06
1.851e-05 3.362E-06
1.852e-05 4.284E-06
1.853e-05 4.884E-06
1.854e-05 4.898E-06
1.855e-05 4.002E-06
1.856e-05 8.544E-07
1.857e-05 4.137E-07
1.858e-05 4.415E-07
1.859e-05 4.735E-07
1.86e-05 5.061E-07
1.861e-05 5.440E-07
1.862e-05 4.724E-06
1.863e-05 7.168E-06
1.864e-05 8.232E-06
1.865e-05 7.953E-06
1.866e-05 6.348E-06
1.867e-05 2.625E-06
1.868e-05 8.805E-07
1.869e-05 9.245E-07
1.87e-05 9.588E-07
1.871e-05 2.220E-06
1.872e-05 7.044E-06
1.873e-05 1.023E-05
1.874e-05 1.267E-05
1.875e-05 1.451E-05
1.876e-05 1.591E-05
1.877e-05 1.695E-05
1.878e-05 1.761E-05
1.879e-05 1.794E-05
1.88e-05 1.795E-05
1.881e-05 1.773E-05
1.882e-05 1.735E-05
1.883e-05 1.695E-05
1.884e-05 1.690E-05
1.885e-05 1.731E-05
1.886e-05 1.810E-05
1.887e-05 1.927E-05
1.888e-05 2.076E-05
1.889e-05 2.221E-05
1.89e-05 2.389E-05
1.891e-05 2.564E-05
1.892e-05 2.752E-05
1.893e-05 2.925E-05
1.894e-05 3.092E-05
1.895e-05 3.242E-05
1.896e-05 3.345E-05
1.897e-05 3.398E-05
1.898e-05 3.323E-05
1.899e-05 3.075E-05
1.9e-05 2.578E-05
1.901e-05 1.673E-05
1.902e-05 8.603E-06
1.903e-05 9.360E-06
1.904e-05 1.019E-05
1.905e-05 1.842E-05
1.906e-05 3.458E-05
1.907e-05 1.154E-04
1.908e-05 2.706E-04
1.909e-05 5.038E-04
1.91e-05 6.935E-04
1.911e-05 8.426E-04
1.912e-05 8.877E-04
1.913e-05 9.056E-04
1.914e-05 8.691E-04
1.915e-05 8.133E-04
1.916e-05 7.175E-04
1.917e-05 5.891E-04
1.918e-05 4.340E-04
1.919e-05 2.360E-04
1.92e-05 1.031E-04
1.921e-05 5.896E-05
1.922e-05 2.267E-05
1.923e-05 5.489E-05
1.924e-05 6.015E-05
1.925e-05 5.460E-05
1.926e-05 1.003E-04
1.927e-05 1.423E-04
1.928e-05 1.819E-04
1.929e-05 2.180E-04
1.93e-05 5.022E-05
1.931e-05 2.479E-04
1.932e-05 2.711E-04
1.933e-05 3.065E-04
1.934e-05 3.496E-04
1.935e-05 4.070E-04
1.936e-05 4.653E-04
1.937e-05 5.888E-04
1.938e-05 7.319E-04
1.939e-05 9.816E-04
1.94e-05 1.280E-03
1.941e-05 1.585E-03
1.942e-05 1.863E-03
1.943e-05 2.095E-03
1.944e-05 2.263E-03
1.945e-05 2.415E-03
1.946e-05 2.524E-03
1.947e-05 2.631E-03
1.948e-05 2.714E-03
1.949e-05 2.796E-03
1.95e-05 2.916E-03
1.951e-05 3.063E-03
1.952e-05 3.287E-03
1.953e-05 3.589E-03
1.954e-05 3.970E-03
1.955e-05 4.483E-03
1.956e-05 5.060E-03
1.957e-05 5.869E-03
1.958e-05 6.723E-03
1.959e-05 7.881E-03
1.96e-05 9.100E-03
1.961e-05 1.064E-02
1.962e-05 1.223E-02
1.963e-05 1.402E-02
1.964e-05 1.601E-02
1.965e-05 1.830E-02
1.966e-05 2.079E-02
1.967e-05 2.348E-02
1.968e-05 2.657E-02
1.969e-05 2.986E-02
1.97e-05 3.394E-02
1.971e-05 3.812E-02
1.972e-05 4.318E-02
1.973e-05 4.845E-02
1.974e-05 5.460E-02
1.975e-05 6.084E-02
1.976e-05 6.778E-02
1.977e-05 7.513E-02
1.978e-05 8.297E-02
1.979e-05 9.151E-02
1.98e-05 1.003E-01
1.981e-05 1.113E-01
1.982e-05 1.222E-01
1.983e-05 1.342E-01
1.984e-05 1.461E-01
1.985e-05 1.581E-01
1.986e-05 1.701E-01
1.987e-05 1.801E-01
1.988e-05 1.901E-01
1.989e-05 1.992E-01
1.99e-05 2.073E-01
1.991e-05 2.144E-01
1.992e-05 2.215E-01
1.993e-05 2.275E-01
1.994e-05 2.336E-01
1.995e-05 2.386E-01
1.996e-05 2.427E-01
1.997e-05 2.447E-01
1.998e-05 2.468E-01
1.999e-05 2.468E-01
2e-05 2.469E-01
2.001e-05 2.459E-01
2.002e-05 2.459E-01
2.003e-05 2.460E-01
2.004e-05 2.460E-01
2.005e-05 2.470E-01
2.006e-05 2.481E-01
2.007e-05 2.491E-01
2.008e-05 2.501E-01
2.009e-05 2.511E-01
2.01e-05 2.511E-01
2.011e-05 2.512E-01
2.012e-05 2.522E-01
2.013e-05 2.542E-01
2.014e-05 2.572E-01
2.015e-05 2.602E-01
2.016e-05 2.642E-01
2.017e-05 2.672E-01
2.018e-05 2.701E-01
2.019e-05 2.721E-01
2.02e-05 2.721E-01
2.021e-05 2.731E-01
2.022e-05 2.721E-01
2.023e-05 2.721E-01
2.024e-05 2.711E-01
2.025e-05 2.701E-01
2.026e-05 2.692E-01
2.027e-05 2.692E-01
2.028e-05 2.672E-01
2.029e-05 2.652E-01
2.03e-05 2.632E-01
2.031e-05 2.612E-01
2.032e-05 2.592E-01
2.033e-05 2.582E-01
2.034e-05 2.582E-01
2.035e-05 2.582E-01
2.036e-05 2.601E-01
2.037e-05 2.621E-01
2.038e-05 2.651E-01
2.039e-05 2.671E-01
2.04e-05 2.691E-01
2.041e-05 2.701E-01
2.042e-05 2.711E-01
2.043e-05 2.721E-01
2.044e-05 2.731E-01
2.045e-05 2.751E-01
2.046e-05 2.771E-01
2.047e-05 2.801E-01
2.048e-05 2.821E-01
2.049e-05 2.851E-01
2.05e-05 2.851E-01
2.051e-05 2.861E-01
2.052e-05 2.851E-01
2.053e-05 2.841E-01
2.054e-05 2.821E-01
2.055e-05 2.811E-01
2.056e-05 2.801E-01
2.057e-05 2.791E-01
2.058e-05 2.791E-01
2.059e-05 2.791E-01
2.06e-05 2.781E-01
2.061e-05 2.771E-01
2.062e-05 2.761E-01
2.063e-05 2.741E-01
2.064e-05 2.731E-01
2.065e-05 2.711E-01
2.066e-05 2.711E-01
2.067e-05 2.721E-01
2.068e-05 2.741E-01
2.069e-05 2.771E-01
2.07e-05 2.791E-01
2.071e-05 2.811E-01
2.072e-05 2.821E-01
2.073e-05 2.821E-01
2.074e-05 2.811E-01
2.075e-05 2.791E-01
2.076e-05 2.771E-01
2.077e-05 2.751E-01
2.078e-05 2.731E-01
2.079e-05 2.731E-01
2.08e-05 2.731E-01
2.081e-05 2.741E-01
2.082e-05 2.741E-01
2.083e-05 2.751E-01
2.084e-05 2.761E-01
2.085e-05 2.761E-01
2.086e-05 2.751E-01
2.087e-05 2.751E-01
2.088e-05 2.751E-01
2.089e-05 2.751E-01
2.09e-05 2.761E-01
2.091e-05 2.761E-01
2.092e-05 2.771E-01
2.093e-05 2.771E-01
2.094e-05 2.771E-01
2.095e-05 2.751E-01
2.096e-05 2.731E-01
2.097e-05 2.711E-01
2.098e-05 2.681E-01
2.099e-05 2.651E-01
2.1e-05 2.641E-01
2.101e-05 2.621E-01
2.102e-05 2.631E-01
2.103e-05 2.631E-01
2.104e-05 2.651E-01
2.105e-05 2.671E-01
2.106e-05 2.681E-01
2.107e-05 2.701E-01
2.108e-05 2.721E-01
2.109e-05 2.731E-01
2.11e-05 2.751E-01
2.111e-05 2.771E-01
2.112e-05 2.791E-01
2.113e-05 2.821E-01
2.114e-05 2.851E-01
2.115e-05 2.880E-01
2.116e-05 2.910E-01
2.117e-05 2.930E-01
2.118e-05 2.950E-01
2.119e-05 2.950E-01
2.12e-05 2.950E-01
2.121e-05 2.950E-01
2.122e-05 2.950E-01
2.123e-05 2.960E-01
2.124e-05 2.960E-01
2.125e-05 2.970E-01
2.126e-05 2.990E-01
2.127e-05 3.000E-01
2.128e-05 3.000E-01
2.129e-05 3.000E-01
2.13e-05 2.980E-01
2.131e-05 2.960E-01
2.132e-05 2.930E-01
2.133e-05 2.890E-01
2.134e-05 2.870E-01
2.135e-05 2.840E-01
2.136e-05 2.820E-01
2.137e-05 2.810E-01
2.138e-05 2.800E-01
2.139e-05 2.790E-01
2.14e-05 2.780E-01
2.141e-05 2.770E-01
2.142e-05 2.760E-01
2.143e-05 2.740E-01
2.144e-05 2.730E-01
2.145e-05 2.720E-01
2.146e-05 2.720E-01
2.147e-05 2.740E-01
2.148e-05 2.760E-01
2.149e-05 2.790E-01
2.15e-05 2.830E-01
2.151e-05 2.870E-01
2.152e-05 2.900E-01
2.153e-05 2.930E-01
2.154e-05 2.950E-01
2.155e-05 2.960E-01
2.156e-05 2.970E-01
2.157e-05 2.970E-01
2.158e-05 2.970E-01
2.159e-05 2.970E-01
2.16e-05 2.970E-01
2.161e-05 2.970E-01
2.162e-05 2.970E-01
2.163e-05 2.950E-01
2.164e-05 2.940E-01
2.165e-05 2.910E-01
2.166e-05 2.870E-01
2.167e-05 2.830E-01
2.168e-05 2.780E-01
2.169e-05 2.730E-01
2.17e-05 2.690E-01
2.171e-05 2.660E-01
2.172e-05 2.640E-01
2.173e-05 2.620E-01
2.174e-05 2.620E-01
2.175e-05 2.620E-01
2.176e-05 2.620E-01
2.177e-05 2.630E-01
2.178e-05 2.630E-01
2.179e-05 2.630E-01
2.18e-05 2.630E-01
2.181e-05 2.640E-01
2.182e-05 2.660E-01
2.183e-05 2.680E-01
2.184e-05 2.720E-01
2.185e-05 2.750E-01
2.186e-05 2.799E-01
2.187e-05 2.849E-01
2.188e-05 2.879E-01
2.189e-05 2.909E-01
2.19e-05 2.929E-01
2.191e-05 2.919E-01
2.192e-05 2.909E-01
2.193e-05 2.889E-01
2.194e-05 2.859E-01
2.195e-05 2.839E-01
2.196e-05 2.819E-01
2.197e-05 2.799E-01
2.198e-05 2.789E-01
2.199e-05 2.779E-01
2.2e-05 2.769E-01
2.201e-05 2.769E-01
2.202e-05 2.759E-01
2.203e-05 2.749E-01
2.204e-05 2.729E-01
2.205e-05 2.719E-01
2.206e-05 2.699E-01
2.207e-05 2.679E-01
2.208e-05 2.670E-01
2.209e-05 2.660E-01
2.21e-05 2.650E-01
2.211e-05 2.650E-01
2.212e-05 2.640E-01
2.213e-05 2.640E-01
2.214e-05 2.630E-01
2.215e-05 2.610E-01
2.216e-05 2.600E-01
2.217e-05 2.580E-01
2.218e-05 2.560E-01
2.219e-05 2.550E-01
2.22e-05 2.530E-01
2.221e-05 2.520E-01
2.222e-05 2.520E-01
2.223e-05 2.520E-01
2.224e-05 2.520E-01
2.225e-05 2.520E-01
2.226e-05 2.510E-01
2.227e-05 2.500E-01
2.228e-05 2.490E-01
2.229e-05 2.470E-01
2.23e-05 2.450E-01
2.231e-05 2.430E-01
2.232e-05 2.400E-01
2.233e-05 2.390E-01
2.234e-05 2.370E-01
2.235e-05 2.360E-01
2.236e-05 2.360E-01
2.237e-05 2.350E-01
2.238e-05 2.340E-01
2.239e-05 2.330E-01
2.24e-05 2.310E-01
2.241e-05 2.290E-01
2.242e-05 2.260E-01
2.243e-05 2.220E-01
2.244e-05 2.180E-01
2.245e-05 2.140E-01
2.246e-05 2.100E-01
2.247e-05 2.070E-01
2.248e-05 2.050E-01
2.249e-05 2.030E-01
2.25e-05 2.020E-01
2.251e-05 2.020E-01
2.252e-05 2.010E-01
2.253e-05 2.000E-01
2.254e-05 1.990E-01
2.255e-05 1.980E-01
2.256e-05 1.960E-01
2.257e-05 1.950E-01
2.258e-05 1.940E-01
2.259e-05 1.930E-01
2.26e-05 1.930E-01
2.261e-05 1.930E-01
2.262e-05 1.950E-01
2.263e-05 1.960E-01
2.264e-05 1.980E-01
2.265e-05 1.990E-01
2.266e-05 2.010E-01
2.267e-05 2.010E-01
2.268e-05 2.010E-01
2.269e-05 2.010E-01
2.27e-05 2.000E-01
2.271e-05 1.990E-01
2.272e-05 1.990E-01
2.273e-05 1.990E-01
2.274e-05 1.990E-01
2.275e-05 2.000E-01
2.276e-05 2.010E-01
2.277e-05 2.020E-01
2.278e-05 2.030E-01
2.279e-05 2.030E-01
2.28e-05 2.020E-01
2.281e-05 2.020E-01
2.282e-05 2.000E-01
2.283e-05 1.980E-01
2.284e-05 1.950E-01
2.285e-05 1.930E-01
2.286e-05 1.910E-01
2.287e-05 1.900E-01
2.288e-05 1.890E-01
2.289e-05 1.890E-01
2.29e-05 1.890E-01
2.291e-05 1.900E-01
2.292e-05 1.900E-01
2.293e-05 1.910E-01
2.294e-05 1.920E-01
2.295e-05 1.919E-01
2.296e-05 1.919E-01
2.297e-05 1.919E-01
2.298e-05 1.929E-01
2.299e-05 1.929E-01
2.3e-05 1.949E-01
2.301e-05 1.959E-01
2.302e-05 1.979E-01
2.303e-05 1.999E-01
2.304e-05 2.019E-01
2.305e-05 2.029E-01
2.306e-05 2.039E-01
2.307e-05 2.039E-01
2.308e-05 2.029E-01
2.309e-05 2.029E-01
2.31e-05 2.019E-01
2.311e-05 1.999E-01
2.312e-05 1.989E-01
2.313e-05 1.979E-01
2.314e-05 1.970E-01
2.315e-05 1.960E-01
2.316e-05 1.960E-01
2.317e-05 1.950E-01
2.318e-05 1.930E-01
2.319e-05 1.920E-01
2.32e-05 1.900E-01
2.321e-05 1.870E-01
2.322e-05 1.850E-01
2.323e-05 1.810E-01
2.324e-05 1.770E-01
2.325e-05 1.740E-01
2.326e-05 1.700E-01
2.327e-05 1.670E-01
2.328e-05 1.640E-01
2.329e-05 1.620E-01
2.33e-05 1.600E-01
2.331e-05 1.590E-01
2.332e-05 1.570E-01
2.333e-05 1.550E-01
2.334e-05 1.540E-01
2.335e-05 1.520E-01
2.336e-05 1.500E-01
2.337e-05 1.480E-01
2.338e-05 1.460E-01
2.339e-05 1.440E-01
2.34e-05 1.420E-01
2.341e-05 1.410E-01
2.342e-05 1.400E-01
2.343e-05 1.390E-01
2.344e-05 1.380E-01
2.345e-05 1.380E-01
2.346e-05 1.370E-01
2.347e-05 1.360E-01
2.348e-05 1.350E-01
2.349e-05 1.330E-01
2.35e-05 1.310E-01
2.351e-05 1.290E-01
2.352e-05 1.270E-01
2.353e-05 1.240E-01
2.354e-05 1.220E-01
2.355e-05 1.210E-01
2.356e-05 1.190E-01
2.357e-05 1.180E-01
2.358e-05 1.180E-01
2.359e-05 1.170E-01
2.36e-05 1.170E-01
2.361e-05 1.180E-01
2.362e-05 1.180E-01
2.363e-05 1.180E-01
2.364e-05 1.180E-01
2.365e-05 1.180E-01
2.366e-05 1.180E-01
2.367e-05 1.180E-01
2.368e-05 1.180E-01
2.369e-05 1.180E-01
2.37e-05 1.190E-01
2.371e-05 1.190E-01
2.372e-05 1.200E-01
2.373e-05 1.210E-01
2.374e-05 1.220E-01
2.375e-05 1.220E-01
2.376e-05 1.220E-01
2.377e-05 1.220E-01
2.378e-05 1.220E-01
2.379e-05 1.210E-01
2.38e-05 1.210E-01
2.381e-05 1.200E-01
2.382e-05 1.200E-01
2.383e-05 1.190E-01
2.384e-05 1.190E-01
2.385e-05 1.200E-01
2.386e-05 1.200E-01
2.387e-05 1.210E-01
2.388e-05 1.230E-01
2.389e-05 1.240E-01
2.39e-05 1.260E-01
2.391e-05 1.270E-01
2.392e-05 1.280E-01
2.393e-05 1.290E-01
2.394e-05 1.300E-01
2.395e-05 1.310E-01
2.396e-05 1.320E-01
2.397e-05 1.320E-01
2.398e-05 1.330E-01
2.399e-05 1.340E-01
2.4e-05 1.350E-01
2.401e-05 1.360E-01
2.402e-05 1.380E-01
2.403e-05 1.390E-01
2.404e-05 1.410E-01
2.405e-05 1.430E-01
2.406e-05 1.440E-01
2.407e-05 1.450E-01
2.408e-05 1.450E-01
2.409e-05 1.460E-01
2.41e-05 1.460E-01
2.411e-05 1.460E-01
2.412e-05 1.460E-01
2.413e-05 1.460E-01
2.414e-05 1.460E-01
2.415e-05 1.460E-01
2.416e-05 1.470E-01
2.417e-05 1.480E-01
2.418e-05 1.490E-01
2.419e-05 1.500E-01
2.42e-05 1.510E-01
2.421e-05 1.510E-01
2.422e-05 1.510E-01
2.423e-05 1.510E-01
2.424e-05 1.500E-01
2.425e-05 1.500E-01
2.426e-05 1.490E-01
2.427e-05 1.480E-01
2.428e-05 1.470E-01
2.429e-05 1.470E-01
2.43e-05 1.460E-01
2.431e-05 1.460E-01
2.432e-05 1.470E-01
2.433e-05 1.480E-01
2.434e-05 1.480E-01
2.435e-05 1.490E-01
2.436e-05 1.490E-01
2.437e-05 1.500E-01
2.438e-05 1.500E-01
2.439e-05 1.500E-01
2.44e-05 1.500E-01
2.441e-05 1.490E-01
2.442e-05 1.490E-01
2.443e-05 1.480E-01
2.444e-05 1.480E-01
2.445e-05 1.480E-01
2.446e-05 1.470E-01
2.447e-05 1.470E-01
2.448e-05 1.470E-01
2.449e-05 1.460E-01
2.45e-05 1.460E-01
2.451e-05 1.450E-01
2.452e-05 1.440E-01
2.453e-05 1.421E-01
2.454e-05 1.411E-01
2.455e-05 1.391E-01
2.456e-05 1.371E-01
2.457e-05 1.351E-01
2.458e-05 1.331E-01
2.459e-05 1.311E-01
2.46e-05 1.291E-01
2.461e-05 1.281E-01
2.462e-05 1.271E-01
2.463e-05 1.261E-01
2.464e-05 1.261E-01
2.465e-05 1.261E-01
2.466e-05 1.251E-01
2.467e-05 1.251E-01
2.468e-05 1.251E-01
2.469e-05 1.241E-01
2.47e-05 1.231E-01
2.471e-05 1.231E-01
2.472e-05 1.221E-01
2.473e-05 1.201E-01
2.474e-05 1.191E-01
2.475e-05 1.181E-01
2.476e-05 1.171E-01
2.477e-05 1.171E-01
2.478e-05 1.161E-01
2.479e-05 1.161E-01
2.48e-05 1.161E-01
2.481e-05 1.161E-01
2.482e-05 1.161E-01
2.483e-05 1.151E-01
2.484e-05 1.151E-01
2.485e-05 1.141E-01
2.486e-05 1.131E-01
2.487e-05 1.121E-01
2.488e-05 1.101E-01
2.489e-05 1.091E-01
2.49e-05 1.081E-01
2.491e-05 1.071E-01
2.492e-05 1.061E-01
2.493e-05 1.051E-01
2.494e-05 1.051E-01
2.495e-05 1.041E-01
2.496e-05 1.031E-01
2.497e-05 1.031E-01
2.498e-05 1.021E-01
2.499e-05 1.011E-01
2.5e-05 1.000E-01
2.501e-05 9.892E-02
2.502e-05 9.732E-02
2.503e-05 9.563E-02
2.504e-05 9.393E-02
2.505e-05 9.214E-02
2.506e-05 9.035E-02
2.507e-05 8.855E-02
2.508e-05 8.706E-02
2.509e-05 8.577E-02
2.51e-05 8.448E-02
2.511e-05 8.348E-02
2.512e-05 8.268E-02
2.513e-05 8.188E-02
2.514e-05 8.117E-02
2.515e-05 8.056E-02
2.516e-05 7.995E-02
2.517e-05 7.934E-02
2.518e-05 7.884E-02
2.519e-05 7.824E-02
2.52e-05 7.774E-02
2.521e-05 7.725E-02
2.522e-05 7.686E-02
2.523e-05 7.647E-02
2.524e-05 7.628E-02
2.525e-05 7.609E-02
2.526e-05 7.600E-02
2.527e-05 7.610E-02
2.528e-05 7.620E-02
2.529e-05 7.620E-02
2.53e-05 7.620E-02
2.531e-05 7.620E-02
2.532e-05 7.610E-02
2.533e-05 7.560E-02
2.534e-05 7.519E-02
2.535e-05 7.459E-02
2.536e-05 7.379E-02
2.537e-05 7.298E-02
2.538e-05 7.218E-02
2.539e-05 7.138E-02
2.54e-05 7.057E-02
2.541e-05 6.987E-02
2.542e-05 6.927E-02
2.543e-05 6.867E-02
2.544e-05 6.807E-02
2.545e-05 6.747E-02
2.546e-05 6.668E-02
2.547e-05 6.598E-02
2.548e-05 6.489E-02
2.549e-05 6.360E-02
2.55e-05 6.240E-02
2.551e-05 6.091E-02
2.552e-05 5.922E-02
2.553e-05 5.763E-02
2.554e-05 5.604E-02
2.555e-05 5.465E-02
2.556e-05 5.326E-02
2.557e-05 5.206E-02
2.558e-05 5.127E-02
2.559e-05 5.057E-02
2.56e-05 4.988E-02
2.561e-05 4.938E-02
2.562e-05 4.888E-02
2.563e-05 4.839E-02
2.564e-05 4.759E-02
2.565e-05 4.660E-02
2.566e-05 4.571E-02
2.567e-05 4.442E-02
2.568e-05 4.294E-02
2.569e-05 4.136E-02
2.57e-05 3.977E-02
2.571e-05 3.808E-02
2.572e-05 3.640E-02
2.573e-05 3.481E-02
2.574e-05 3.361E-02
2.575e-05 3.231E-02
2.576e-05 3.121E-02
2.577e-05 3.073E-02
2.578e-05 3.024E-02
2.579e-05 2.976E-02
2.58e-05 2.978E-02
2.581e-05 2.981E-02
2.582e-05 2.993E-02
2.583e-05 3.015E-02
2.584e-05 3.046E-02
2.585e-05 3.088E-02
2.586e-05 3.119E-02
2.587e-05 3.168E-02
2.588e-05 3.208E-02
2.589e-05 3.257E-02
2.59e-05 3.305E-02
2.591e-05 3.353E-02
2.592e-05 3.402E-02
2.593e-05 3.431E-02
2.594e-05 3.470E-02
2.595e-05 3.500E-02
2.596e-05 3.510E-02
2.597e-05 3.519E-02
2.598e-05 3.520E-02
2.599e-05 3.510E-02
2.6e-05 3.481E-02
2.601e-05 3.442E-02
2.602e-05 3.404E-02
2.603e-05 3.345E-02
2.604e-05 3.287E-02
2.605e-05 3.229E-02
2.606e-05 3.162E-02
2.607e-05 3.094E-02
2.608e-05 3.027E-02
2.609e-05 2.970E-02
2.61e-05 2.913E-02
2.611e-05 2.857E-02
2.612e-05 2.801E-02
2.613e-05 2.746E-02
2.614e-05 2.699E-02
2.615e-05 2.642E-02
2.616e-05 2.585E-02
2.617e-05 2.527E-02
2.618e-05 2.461E-02
2.619e-05 2.383E-02
2.62e-05 2.303E-02
2.621e-05 2.225E-02
2.622e-05 2.145E-02
2.623e-05 2.073E-02
2.624e-05 2.001E-02
2.625e-05 1.938E-02
2.626e-05 1.904E-02
2.627e-05 1.878E-02
2.628e-05 1.844E-02
2.629e-05 1.860E-02
2.63e-05 1.868E-02
2.631e-05 1.885E-02
2.632e-05 1.905E-02
2.633e-05 1.926E-02
2.634e-05 1.947E-02
2.635e-05 1.958E-02
2.636e-05 1.968E-02
2.637e-05 1.969E-02
2.638e-05 1.970E-02
2.639e-05 1.970E-02
2.64e-05 1.961E-02
2.641e-05 1.951E-02
2.642e-05 1.952E-02
2.643e-05 1.952E-02
2.644e-05 1.952E-02
2.645e-05 1.953E-02
2.646e-05 1.955E-02
2.647e-05 1.957E-02
2.648e-05 1.958E-02
2.649e-05 1.931E-02
2.65e-05 1.905E-02
2.651e-05 1.878E-02
2.652e-05 1.834E-02
2.653e-05 1.769E-02
2.654e-05 1.704E-02
2.655e-05 1.640E-02
2.656e-05 1.574E-02
2.657e-05 1.499E-02
2.658e-05 1.432E-02
2.659e-05 1.356E-02
2.66e-05 1.295E-02
2.661e-05 1.227E-02
2.662e-05 1.160E-02
2.663e-05 1.092E-02
2.664e-05 1.025E-02
2.665e-05 9.570E-03
2.666e-05 8.922E-03
2.667e-05 8.275E-03
2.668e-05 7.610E-03
2.669e-05 7.119E-03
2.67e-05 7.046E-03
2.671e-05 6.893E-03
2.672e-05 6.626E-03
2.673e-05 2.397E-02
2.674e-05 2.668E-02
2.675e-05 2.662E-02
2.676e-05 2.690E-02
2.677e-05 2.601E-02
2.678e-05 2.512E-02
2.679e-05 2.432E-02
2.68e-05 2.352E-02
2.681e-05 2.272E-02
2.682e-05 2.194E-02
2.683e-05 2.105E-02
2.684e-05 2.012E-02
2.685e-05 1.923E-02
2.686e-05 1.838E-02
2.687e-05 1.756E-02
2.688e-05 1.680E-02
2.689e-05 1.606E-02
2.69e-05 1.535E-02
2.691e-05 1.469E-02
2.692e-05 1.405E-02
2.693e-05 1.344E-02
2.694e-05 1.286E-02
2.695e-05 1.228E-02
2.696e-05 1.173E-02
2.697e-05 1.121E-02
2.698e-05 1.070E-02
2.699e-05 1.020E-02
2.7e-05 9.597E-03
2.701e-05 8.902E-03
2.702e-05 8.212E-03
2.703e-05 7.197E-03
2.704e-05 4.399E-03
2.705e-05 4.714E-03
2.706e-05 5.076E-03
2.707e-05 5.503E-03
2.708e-05 5.816E-03
2.709e-05 6.134E-03
2.71e-05 6.456E-03
2.711e-05 6.676E-03
2.712e-05 6.791E-03
2.713e-05 6.884E-03
2.714e-05 6.983E-03
2.715e-05 6.949E-03
2.716e-05 6.919E-03
2.717e-05 6.884E-03
2.718e-05 6.815E-03
2.719e-05 6.726E-03
2.72e-05 6.648E-03
2.721e-05 6.575E-03
2.722e-05 6.435E-03
2.723e-05 6.261E-03
2.724e-05 6.106E-03
2.725e-05 5.894E-03
2.726e-05 5.476E-03
2.727e-05 5.061E-03
2.728e-05 4.671E-03
2.729e-05 4.110E-03
2.73e-05 3.495E-03
2.731e-05 2.938E-03
2.732e-05 2.394E-03
2.733e-05 1.428E-03
2.734e-05 8.487E-04
2.735e-05 5.143E-04
2.736e-05 3.977E-04
2.737e-05 6.263E-05
2.738e-05 1.042E-04
2.739e-05 8.780E-05
2.74e-05 7.378E-05
2.741e-05 6.233E-05
2.742e-05 5.235E-05
2.743e-05 4.419E-05
2.744e-05 3.732E-05
2.745e-05 3.132E-05
2.746e-05 2.633E-05
2.747e-05 2.214E-05
2.748e-05 1.861E-05
2.749e-05 1.562E-05
2.75e-05 1.315E-05
2.751e-05 1.105E-05
2.752e-05 9.278E-06
2.753e-05 7.795E-06
2.754e-05 7.077E-06
2.755e-05 6.625E-06
2.756e-05 6.192E-06
2.757e-05 5.796E-06
2.758e-05 5.401E-06
2.759e-05 5.060E-06
2.76e-05 4.737E-06
2.761e-05 4.432E-06
2.762e-05 4.146E-06
2.763e-05 3.878E-06
2.764e-05 3.628E-06
2.765e-05 3.378E-06
2.766e-05 3.159E-06
2.767e-05 2.953E-06
2.768e-05 2.763E-06
2.769e-05 2.577E-06
2.77e-05 2.404E-06
2.771e-05 2.249E-06
2.772e-05 4.774E-06
2.773e-05 7.185E-06
2.774e-05 1.730E-05
2.775e-05 8.755E-05
2.776e-05 8.030E-04
2.777e-05 1.069E-03
2.778e-05 1.401E-03
2.779e-05 1.799E-03
2.78e-05 2.105E-03
2.781e-05 2.185E-03
2.782e-05 2.243E-03
2.783e-05 2.323E-03
2.784e-05 2.347E-03
2.785e-05 2.352E-03
2.786e-05 2.359E-03
2.787e-05 2.369E-03
2.788e-05 2.355E-03
2.789e-05 2.352E-03
2.79e-05 2.351E-03
2.791e-05 2.314E-03
2.792e-05 2.129E-03
2.793e-05 1.970E-03
2.794e-05 1.816E-03
2.795e-05 1.518E-03
2.796e-05 1.113E-03
2.797e-05 8.091E-04
2.798e-05 5.917E-04
2.799e-05 1.311E-04
2.8e-05 3.660E-05
2.805e-05 8.797E-06
2.81e-05 1.064E-05
2.815e-05 1.148E-05
2.82e-05 1.242E-05
2.825e-05 1.351E-05
2.83e-05 1.417E-05
2.835e-05 1.390E-05
2.84e-05 1.378E-05
2.845e-05 1.371E-05
2.85e-05 1.266E-05
2.855e-05 1.089E-05
